,Filenames,label,pred,race
0,25_1_0_20170116002134414.jpg.chip.jpg,1.0,0.0,0.0
1,29_1_1_20170117184351496.jpg.chip.jpg,1.0,1.0,1.0
2,87_1_0_20170110183746742.jpg.chip.jpg,1.0,1.0,0.0
3,32_1_0_20170104164847153.jpg.chip.jpg,1.0,1.0,0.0
4,34_1_2_20170109140259136.jpg.chip.jpg,1.0,1.0,1.0
5,3_1_0_20170109191351622.jpg.chip.jpg,1.0,1.0,0.0
6,23_1_0_20170103234935189.jpg.chip.jpg,1.0,1.0,0.0
7,20_1_2_20170109213154546.jpg.chip.jpg,1.0,1.0,1.0
8,26_1_1_20170117200345500.jpg.chip.jpg,1.0,1.0,1.0
9,26_1_3_20170104223054575.jpg.chip.jpg,1.0,1.0,1.0
10,62_1_3_20170109150704840.jpg.chip.jpg,1.0,1.0,1.0
11,35_1_1_20170112205159460.jpg.chip.jpg,1.0,1.0,1.0
12,20_1_1_20170116003433569.jpg.chip.jpg,1.0,1.0,1.0
13,60_1_1_20170120222320336.jpg.chip.jpg,1.0,1.0,1.0
14,21_1_4_20170103180619480.jpg.chip.jpg,1.0,1.0,1.0
15,82_1_0_20170110184132973.jpg.chip.jpg,1.0,1.0,0.0
16,5_1_1_20170103180249368.jpg.chip.jpg,1.0,1.0,1.0
17,1_1_3_20161220145208607.jpg.chip.jpg,1.0,1.0,1.0
18,22_1_1_20170116172633295.jpg.chip.jpg,1.0,1.0,1.0
19,34_1_0_20170104174537956.jpg.chip.jpg,1.0,0.0,0.0
20,54_1_3_20170119211352971.jpg.chip.jpg,1.0,1.0,1.0
21,15_1_4_20170104005807401.jpg.chip.jpg,1.0,1.0,1.0
22,42_1_1_20170113000652498.jpg.chip.jpg,1.0,1.0,1.0
23,28_1_3_20170119210052807.jpg.chip.jpg,1.0,1.0,1.0
24,24_1_2_20170116163638814.jpg.chip.jpg,1.0,1.0,1.0
25,60_1_0_20170110131522551.jpg.chip.jpg,1.0,1.0,0.0
26,18_1_0_20170109214455239.jpg.chip.jpg,1.0,1.0,0.0
27,30_1_0_20170117143902329.jpg.chip.jpg,1.0,1.0,0.0
28,26_1_0_20170117152703723.jpg.chip.jpg,1.0,1.0,0.0
29,56_1_3_20170109141502576.jpg.chip.jpg,1.0,1.0,1.0
30,47_1_1_20170113012448233.jpg.chip.jpg,1.0,1.0,1.0
31,15_1_0_20170104013549874.jpg.chip.jpg,1.0,1.0,0.0
32,39_1_0_20170109132505755.jpg.chip.jpg,1.0,1.0,0.0
33,26_1_3_20170119193111657.jpg.chip.jpg,1.0,1.0,1.0
34,17_1_1_20170114030031959.jpg.chip.jpg,1.0,1.0,1.0
35,54_1_1_20170113002054908.jpg.chip.jpg,1.0,1.0,1.0
36,90_1_0_20170120224954568.jpg.chip.jpg,1.0,1.0,0.0
37,24_1_1_20170112230612966.jpg.chip.jpg,1.0,0.0,1.0
38,16_1_1_20170109212835445.jpg.chip.jpg,1.0,1.0,1.0
39,27_1_3_20170117180032189.jpg.chip.jpg,1.0,1.0,1.0
40,84_1_2_20170105174912326.jpg.chip.jpg,1.0,0.0,1.0
41,57_1_0_20170110131940730.jpg.chip.jpg,1.0,1.0,0.0
42,8_1_0_20170109205015327.jpg.chip.jpg,1.0,1.0,0.0
43,18_1_4_20170117193229357.jpg.chip.jpg,1.0,1.0,1.0
44,1_1_2_20161219202852780.jpg.chip.jpg,1.0,0.0,1.0
45,12_1_0_20170109200852145.jpg.chip.jpg,1.0,1.0,0.0
46,32_1_0_20170119163257405.jpg.chip.jpg,1.0,1.0,0.0
47,43_1_0_20170108234555262.jpg.chip.jpg,1.0,1.0,0.0
48,52_1_0_20170104183913011.jpg.chip.jpg,1.0,1.0,0.0
49,85_1_0_20170110141034090.jpg.chip.jpg,1.0,1.0,0.0
50,24_1_4_20170115235433094.jpg.chip.jpg,1.0,1.0,1.0
51,59_1_1_20170116203506659.jpg.chip.jpg,1.0,1.0,1.0
52,4_1_0_20161219153720476.jpg.chip.jpg,1.0,1.0,0.0
53,45_1_0_20170104205614347.jpg.chip.jpg,1.0,1.0,0.0
54,23_1_0_20170117145123986.jpg.chip.jpg,1.0,1.0,0.0
55,28_1_4_20170117202422103.jpg.chip.jpg,1.0,1.0,1.0
56,67_1_0_20170110152923990.jpg.chip.jpg,1.0,1.0,0.0
57,10_1_0_20170109204259563.jpg.chip.jpg,1.0,1.0,0.0
58,33_1_0_20170117174746798.jpg.chip.jpg,1.0,1.0,0.0
59,26_1_0_20170104165807080.jpg.chip.jpg,1.0,0.0,0.0
60,1_1_2_20161219194854052.jpg.chip.jpg,1.0,0.0,1.0
61,38_1_1_20170116012202989.jpg.chip.jpg,1.0,1.0,1.0
62,36_1_0_20170105164705002.jpg.chip.jpg,1.0,1.0,0.0
63,23_1_2_20170116172843453.jpg.chip.jpg,1.0,1.0,1.0
64,27_1_1_20170113000855147.jpg.chip.jpg,1.0,1.0,1.0
65,75_1_0_20170110131534363.jpg.chip.jpg,1.0,1.0,0.0
66,86_1_2_20170112215418656.jpg.chip.jpg,1.0,1.0,1.0
67,27_1_0_20170117120620652.jpg.chip.jpg,1.0,1.0,0.0
68,48_1_0_20170109142311780.jpg.chip.jpg,1.0,1.0,0.0
69,35_1_1_20170112233502352.jpg.chip.jpg,1.0,1.0,1.0
70,32_1_1_20170115235801065.jpg.chip.jpg,1.0,1.0,1.0
71,1_1_1_20170109194626438.jpg.chip.jpg,1.0,1.0,1.0
72,31_1_1_20170116234434494.jpg.chip.jpg,1.0,1.0,1.0
73,53_1_3_20170104234732082.jpg.chip.jpg,1.0,1.0,1.0
74,24_1_2_20170116174409602.jpg.chip.jpg,1.0,1.0,1.0
75,57_1_0_20170104235338307.jpg.chip.jpg,1.0,1.0,0.0
76,27_1_3_20170119193219282.jpg.chip.jpg,1.0,1.0,1.0
77,35_1_0_20170117150810173.jpg.chip.jpg,1.0,1.0,0.0
78,35_1_4_20170117203828719.jpg.chip.jpg,1.0,1.0,1.0
79,24_1_2_20170116164545482.jpg.chip.jpg,1.0,1.0,1.0
80,10_1_2_20170109201545634.jpg.chip.jpg,1.0,1.0,1.0
81,28_1_0_20170116164616853.jpg.chip.jpg,1.0,1.0,0.0
82,41_1_3_20170105001059203.jpg.chip.jpg,1.0,1.0,1.0
83,28_1_0_20170116205749382.jpg.chip.jpg,1.0,1.0,0.0
84,60_1_0_20170110143525297.jpg.chip.jpg,1.0,1.0,0.0
85,32_1_0_20170113000739610.jpg.chip.jpg,1.0,1.0,0.0
86,8_1_3_20161220220832858.jpg.chip.jpg,1.0,0.0,1.0
87,5_1_0_20170117184912795.jpg.chip.jpg,1.0,1.0,0.0
88,32_1_0_20170116221804392.jpg.chip.jpg,1.0,1.0,0.0
89,28_1_3_20170119195056772.jpg.chip.jpg,1.0,1.0,1.0
90,26_1_2_20170116184039763.jpg.chip.jpg,1.0,1.0,1.0
91,5_1_4_20161221193338973.jpg.chip.jpg,1.0,1.0,1.0
92,12_1_3_20170117152932909.jpg.chip.jpg,1.0,1.0,1.0
93,70_1_1_20170120223544080.jpg.chip.jpg,1.0,0.0,1.0
94,32_1_0_20170117203136983.jpg.chip.jpg,1.0,1.0,0.0
95,22_1_0_20170103163248351.jpg.chip.jpg,1.0,1.0,0.0
96,26_1_0_20170103175557343.jpg.chip.jpg,1.0,1.0,0.0
97,25_1_0_20170116201701430.jpg.chip.jpg,1.0,1.0,0.0
98,23_1_0_20170117175925529.jpg.chip.jpg,1.0,1.0,0.0
99,26_1_3_20170104232413655.jpg.chip.jpg,1.0,1.0,1.0
100,26_1_1_20170116162413262.jpg.chip.jpg,1.0,1.0,1.0
101,32_1_0_20170103180822745.jpg.chip.jpg,1.0,1.0,0.0
102,6_1_4_20161223232234756.jpg.chip.jpg,1.0,1.0,1.0
103,21_1_3_20170117142510610.jpg.chip.jpg,1.0,1.0,1.0
104,25_1_4_20170103212758572.jpg.chip.jpg,1.0,1.0,1.0
105,24_1_2_20170116173449887.jpg.chip.jpg,1.0,1.0,1.0
106,24_1_1_20170116224913775.jpg.chip.jpg,1.0,1.0,1.0
107,24_1_3_20170104232256105.jpg.chip.jpg,1.0,1.0,1.0
108,49_1_0_20170109132443455.jpg.chip.jpg,1.0,1.0,0.0
109,30_1_1_20170112193112574.jpg.chip.jpg,1.0,1.0,1.0
110,20_1_3_20170119180453339.jpg.chip.jpg,1.0,1.0,1.0
111,29_1_2_20170105165156291.jpg.chip.jpg,1.0,1.0,1.0
112,6_1_4_20170103213155772.jpg.chip.jpg,1.0,1.0,1.0
113,21_1_2_20170116170710327.jpg.chip.jpg,1.0,1.0,1.0
114,26_1_1_20170116154333887.jpg.chip.jpg,1.0,1.0,1.0
115,10_1_3_20170119150820222.jpg.chip.jpg,1.0,1.0,1.0
116,18_1_0_20170117140340105.jpg.chip.jpg,1.0,1.0,0.0
117,26_1_0_20170105002839534.jpg.chip.jpg,1.0,1.0,0.0
118,16_1_0_20170109213504335.jpg.chip.jpg,1.0,1.0,0.0
119,27_1_2_20170116172655057.jpg.chip.jpg,1.0,1.0,1.0
120,26_1_2_20170104022829221.jpg.chip.jpg,1.0,1.0,1.0
121,40_1_1_20170116231247019.jpg.chip.jpg,1.0,1.0,1.0
122,18_1_2_20170109212939223.jpg.chip.jpg,1.0,1.0,1.0
123,10_1_2_20170109205037024.jpg.chip.jpg,1.0,1.0,1.0
124,29_1_0_20170116211713681.jpg.chip.jpg,1.0,1.0,0.0
125,1_1_0_20170109190938491.jpg.chip.jpg,1.0,0.0,0.0
126,26_1_0_20170119192908266.jpg.chip.jpg,1.0,1.0,0.0
127,56_1_0_20170110141232209.jpg.chip.jpg,1.0,1.0,0.0
128,30_1_2_20170116162552501.jpg.chip.jpg,1.0,1.0,1.0
129,26_1_1_20170116183008326.jpg.chip.jpg,1.0,1.0,1.0
130,28_1_1_20170117020151221.jpg.chip.jpg,1.0,1.0,1.0
131,8_1_0_20170117175651555.jpg.chip.jpg,1.0,0.0,0.0
132,32_1_0_20170117134819735.jpg.chip.jpg,1.0,1.0,0.0
133,24_1_3_20170104223616047.jpg.chip.jpg,1.0,1.0,1.0
134,8_1_4_20170104005525759.jpg.chip.jpg,1.0,1.0,1.0
135,35_1_1_20170114024635018.jpg.chip.jpg,1.0,1.0,1.0
136,17_1_4_20170103234147843.jpg.chip.jpg,1.0,1.0,1.0
137,21_1_3_20170104223626119.jpg.chip.jpg,1.0,1.0,1.0
138,28_1_0_20170116164219746.jpg.chip.jpg,1.0,1.0,0.0
139,26_1_1_20170116160253328.jpg.chip.jpg,1.0,0.0,1.0
140,26_1_1_20170113134115794.jpg.chip.jpg,1.0,1.0,1.0
141,4_1_4_20170103230707056.jpg.chip.jpg,1.0,1.0,1.0
142,25_1_1_20170113011541030.jpg.chip.jpg,1.0,1.0,1.0
143,20_1_2_20170104020725236.jpg.chip.jpg,1.0,1.0,1.0
144,41_1_0_20170104170026513.jpg.chip.jpg,1.0,1.0,0.0
145,28_1_1_20170112204819027.jpg.chip.jpg,1.0,1.0,1.0
146,1_1_0_20161219155714349.jpg.chip.jpg,1.0,0.0,0.0
147,73_1_0_20170110182146582.jpg.chip.jpg,1.0,1.0,0.0
148,2_1_2_20161219211300054.jpg.chip.jpg,1.0,1.0,1.0
149,10_1_3_20170104221633430.jpg.chip.jpg,1.0,1.0,1.0
150,20_1_2_20170116163800040.jpg.chip.jpg,1.0,1.0,1.0
151,80_1_0_20170120221022764.jpg.chip.jpg,1.0,1.0,0.0
152,8_1_0_20170109205218680.jpg.chip.jpg,1.0,1.0,0.0
153,85_1_0_20170110182111721.jpg.chip.jpg,1.0,1.0,0.0
154,22_1_1_20170103180755073.jpg.chip.jpg,1.0,1.0,1.0
155,43_1_4_20170117204026648.jpg.chip.jpg,1.0,1.0,1.0
156,39_1_1_20170116224200976.jpg.chip.jpg,1.0,1.0,1.0
157,26_1_0_20170105183649031.jpg.chip.jpg,1.0,1.0,0.0
158,24_1_2_20170116173727786.jpg.chip.jpg,1.0,1.0,1.0
159,41_1_0_20170111182452877.jpg.chip.jpg,1.0,1.0,0.0
160,60_1_0_20170110154325940.jpg.chip.jpg,1.0,1.0,0.0
161,20_1_0_20170117192327053.jpg.chip.jpg,1.0,1.0,0.0
162,40_1_1_20170113012951777.jpg.chip.jpg,1.0,1.0,1.0
163,2_1_2_20161219194346219.jpg.chip.jpg,1.0,0.0,1.0
164,29_1_2_20170116191203271.jpg.chip.jpg,1.0,1.0,1.0
165,26_1_0_20170117174848271.jpg.chip.jpg,1.0,1.0,0.0
166,40_1_3_20170117180026300.jpg.chip.jpg,1.0,1.0,1.0
167,60_1_0_20170110122526605.jpg.chip.jpg,1.0,1.0,0.0
168,56_1_0_20170120222048719.jpg.chip.jpg,1.0,1.0,0.0
169,28_1_0_20170120140301800.jpg.chip.jpg,1.0,1.0,0.0
170,29_1_2_20170116171619907.jpg.chip.jpg,1.0,1.0,1.0
171,27_1_1_20170112213510151.jpg.chip.jpg,1.0,1.0,1.0
172,24_1_0_20170117194613108.jpg.chip.jpg,1.0,1.0,0.0
173,28_1_1_20170116152550099.jpg.chip.jpg,1.0,0.0,1.0
174,25_1_3_20170117164626473.jpg.chip.jpg,1.0,1.0,1.0
175,44_1_0_20170105001250091.jpg.chip.jpg,1.0,1.0,0.0
176,15_1_0_20170103200925950.jpg.chip.jpg,1.0,1.0,0.0
177,2_1_3_20161219230137680.jpg.chip.jpg,1.0,0.0,1.0
178,2_1_3_20161220143102967.jpg.chip.jpg,1.0,0.0,1.0
179,26_1_1_20170117201147190.jpg.chip.jpg,1.0,1.0,1.0
180,24_1_2_20170116173535191.jpg.chip.jpg,1.0,1.0,1.0
181,28_1_2_20170116192755650.jpg.chip.jpg,1.0,1.0,1.0
182,43_1_0_20170119155553251.jpg.chip.jpg,1.0,1.0,0.0
183,29_1_2_20170116163331282.jpg.chip.jpg,1.0,1.0,1.0
184,29_1_0_20170113012607249.jpg.chip.jpg,1.0,1.0,0.0
185,23_1_1_20170112234254088.jpg.chip.jpg,1.0,1.0,1.0
186,10_1_0_20170109203642966.jpg.chip.jpg,1.0,1.0,0.0
187,20_1_2_20170108224234471.jpg.chip.jpg,1.0,1.0,1.0
188,59_1_1_20170113000626569.jpg.chip.jpg,1.0,1.0,1.0
189,80_1_1_20170116153903211.jpg.chip.jpg,1.0,0.0,1.0
190,25_1_1_20170112192945622.jpg.chip.jpg,1.0,1.0,1.0
191,73_1_0_20170110154151795.jpg.chip.jpg,1.0,1.0,0.0
192,23_1_4_20170104011031984.jpg.chip.jpg,1.0,1.0,1.0
193,69_1_0_20170110140355514.jpg.chip.jpg,1.0,1.0,0.0
194,26_1_1_20170116155758186.jpg.chip.jpg,1.0,0.0,1.0
195,35_1_4_20170117203429672.jpg.chip.jpg,1.0,1.0,1.0
196,12_1_1_20170116225216163.jpg.chip.jpg,1.0,1.0,1.0
197,15_1_2_20170104013425867.jpg.chip.jpg,1.0,1.0,1.0
198,43_1_3_20170119195521961.jpg.chip.jpg,1.0,1.0,1.0
199,22_1_3_20170119152504672.jpg.chip.jpg,1.0,1.0,1.0
200,5_1_0_20170109193951363.jpg.chip.jpg,1.0,1.0,0.0
201,30_1_2_20170116163458646.jpg.chip.jpg,1.0,1.0,1.0
202,25_1_4_20161220222242243.jpg.chip.jpg,1.0,1.0,1.0
203,1_1_2_20161219161757030.jpg.chip.jpg,1.0,0.0,1.0
204,33_1_2_20170104022342934.jpg.chip.jpg,1.0,1.0,1.0
205,1_1_0_20170109190844250.jpg.chip.jpg,1.0,1.0,0.0
206,16_1_0_20170109212513215.jpg.chip.jpg,1.0,1.0,0.0
207,45_1_0_20170117174646542.jpg.chip.jpg,1.0,1.0,0.0
208,26_1_0_20170113001451463.jpg.chip.jpg,1.0,1.0,0.0
209,17_1_1_20170112231332486.jpg.chip.jpg,1.0,1.0,1.0
210,19_1_4_20170103223231399.jpg.chip.jpg,1.0,1.0,1.0
211,26_1_0_20170116234619701.jpg.chip.jpg,1.0,0.0,0.0
212,18_1_0_20170109214120554.jpg.chip.jpg,1.0,1.0,0.0
213,24_1_0_20170104233906146.jpg.chip.jpg,1.0,1.0,0.0
214,8_1_0_20170109204830640.jpg.chip.jpg,1.0,1.0,0.0
215,24_1_2_20170116173436330.jpg.chip.jpg,1.0,1.0,1.0
216,55_1_3_20170109150632123.jpg.chip.jpg,1.0,0.0,1.0
217,23_1_2_20170116173233383.jpg.chip.jpg,1.0,1.0,1.0
218,84_1_0_20170120225859818.jpg.chip.jpg,1.0,0.0,0.0
219,32_1_1_20170116153011586.jpg.chip.jpg,1.0,1.0,1.0
220,1_1_3_20161220221800802.jpg.chip.jpg,1.0,1.0,1.0
221,28_1_1_20170112210934053.jpg.chip.jpg,1.0,1.0,1.0
222,2_1_4_20170103213149252.jpg.chip.jpg,1.0,1.0,1.0
223,38_1_2_20170109002952813.jpg.chip.jpg,1.0,1.0,1.0
224,26_1_1_20170116223404554.jpg.chip.jpg,1.0,1.0,1.0
225,35_1_0_20170103182720889.jpg.chip.jpg,1.0,1.0,0.0
226,56_1_3_20170109132927258.jpg.chip.jpg,1.0,1.0,1.0
227,30_1_0_20170117154828262.jpg.chip.jpg,1.0,1.0,0.0
228,31_1_1_20170116223015265.jpg.chip.jpg,1.0,1.0,1.0
229,26_1_0_20170117174534054.jpg.chip.jpg,1.0,1.0,0.0
230,51_1_0_20170103183556395.jpg.chip.jpg,1.0,1.0,0.0
231,26_1_0_20170117091638287.jpg.chip.jpg,1.0,1.0,0.0
232,40_1_0_20170117003132118.jpg.chip.jpg,1.0,1.0,0.0
233,24_1_2_20170116174612535.jpg.chip.jpg,1.0,1.0,1.0
234,31_1_0_20170119200057620.jpg.chip.jpg,1.0,1.0,0.0
235,41_1_0_20170117135713137.jpg.chip.jpg,1.0,1.0,0.0
236,28_1_3_20170119194459995.jpg.chip.jpg,1.0,1.0,1.0
237,26_1_1_20170112211649085.jpg.chip.jpg,1.0,1.0,1.0
238,29_1_2_20170116163132225.jpg.chip.jpg,1.0,1.0,1.0
239,23_1_4_20170117194317100.jpg.chip.jpg,1.0,1.0,1.0
240,38_1_1_20170117170520535.jpg.chip.jpg,1.0,0.0,1.0
241,27_1_3_20170109132133665.jpg.chip.jpg,1.0,1.0,1.0
242,12_1_0_20170109204750280.jpg.chip.jpg,1.0,0.0,0.0
243,50_1_1_20170114031511007.jpg.chip.jpg,1.0,1.0,1.0
244,55_1_0_20170103183939755.jpg.chip.jpg,1.0,1.0,0.0
245,46_1_1_20170116233714695.jpg.chip.jpg,1.0,1.0,1.0
246,39_1_0_20170117154214155.jpg.chip.jpg,1.0,1.0,0.0
247,26_1_1_20170112204005344.jpg.chip.jpg,1.0,1.0,1.0
248,26_1_1_20170112213116517.jpg.chip.jpg,1.0,1.0,1.0
249,27_1_3_20170104222326719.jpg.chip.jpg,1.0,1.0,1.0
250,25_1_4_20170103224747408.jpg.chip.jpg,1.0,1.0,1.0
251,26_1_1_20170112224805692.jpg.chip.jpg,1.0,1.0,1.0
252,21_1_1_20170112192949478.jpg.chip.jpg,1.0,0.0,1.0
253,38_1_2_20170109140654630.jpg.chip.jpg,1.0,1.0,1.0
254,29_1_2_20170116165130095.jpg.chip.jpg,1.0,1.0,1.0
255,23_1_4_20170103223558799.jpg.chip.jpg,1.0,1.0,1.0
256,25_1_0_20170104022944286.jpg.chip.jpg,1.0,1.0,0.0
257,26_1_4_20170117202038959.jpg.chip.jpg,1.0,1.0,1.0
258,24_1_0_20170117150310308.jpg.chip.jpg,1.0,1.0,0.0
259,26_1_3_20170109133424931.jpg.chip.jpg,1.0,0.0,1.0
260,22_1_4_20170103224814016.jpg.chip.jpg,1.0,1.0,1.0
261,1_1_2_20161219162113982.jpg.chip.jpg,1.0,1.0,1.0
262,4_1_3_20161220221751466.jpg.chip.jpg,1.0,1.0,1.0
263,7_1_0_20170109193140411.jpg.chip.jpg,1.0,1.0,0.0
264,25_1_1_20170112205103738.jpg.chip.jpg,1.0,1.0,1.0
265,2_1_2_20161219211744478.jpg.chip.jpg,1.0,1.0,1.0
266,1_1_1_20170109191256746.jpg.chip.jpg,1.0,1.0,1.0
267,45_1_1_20170117164742977.jpg.chip.jpg,1.0,1.0,1.0
268,18_1_4_20161223230852802.jpg.chip.jpg,1.0,1.0,1.0
269,26_1_1_20170113011815991.jpg.chip.jpg,1.0,1.0,1.0
270,16_1_0_20170109214535714.jpg.chip.jpg,1.0,1.0,0.0
271,24_1_2_20161219201505604.jpg.chip.jpg,1.0,1.0,1.0
272,31_1_1_20170112235015193.jpg.chip.jpg,1.0,1.0,1.0
273,55_1_3_20170119154458097.jpg.chip.jpg,1.0,1.0,1.0
274,32_1_1_20170112210310963.jpg.chip.jpg,1.0,1.0,1.0
275,32_1_2_20170116164625227.jpg.chip.jpg,1.0,1.0,1.0
276,8_1_0_20170109202314510.jpg.chip.jpg,1.0,1.0,0.0
277,26_1_4_20170117153836846.jpg.chip.jpg,1.0,0.0,1.0
278,3_1_3_20161220220625842.jpg.chip.jpg,1.0,0.0,1.0
279,32_1_1_20170116170930529.jpg.chip.jpg,1.0,1.0,1.0
280,12_1_0_20170109204815030.jpg.chip.jpg,1.0,1.0,0.0
281,20_1_0_20170117171624989.jpg.chip.jpg,1.0,1.0,0.0
282,53_1_0_20170110154535039.jpg.chip.jpg,1.0,1.0,0.0
283,30_1_2_20170116162102874.jpg.chip.jpg,1.0,1.0,1.0
284,36_1_0_20170120140736273.jpg.chip.jpg,1.0,1.0,0.0
285,87_1_0_20170120230110328.jpg.chip.jpg,1.0,1.0,0.0
286,31_1_1_20170116175710225.jpg.chip.jpg,1.0,1.0,1.0
287,23_1_1_20170117194002005.jpg.chip.jpg,1.0,1.0,1.0
288,25_1_4_20170103223548135.jpg.chip.jpg,1.0,1.0,1.0
289,17_1_1_20170114030019967.jpg.chip.jpg,1.0,1.0,1.0
290,25_1_3_20170104232710103.jpg.chip.jpg,1.0,1.0,1.0
291,32_1_2_20170116190137074.jpg.chip.jpg,1.0,1.0,1.0
292,16_1_0_20170116204045849.jpg.chip.jpg,1.0,1.0,0.0
293,35_1_1_20170117123859839.jpg.chip.jpg,1.0,1.0,1.0
294,51_1_3_20170109142417013.jpg.chip.jpg,1.0,1.0,1.0
295,70_1_0_20170110152906741.jpg.chip.jpg,1.0,1.0,0.0
296,4_1_2_20161219141837833.jpg.chip.jpg,1.0,1.0,1.0
297,1_1_2_20161219155811293.jpg.chip.jpg,1.0,1.0,1.0
298,26_1_1_20170117153641469.jpg.chip.jpg,1.0,1.0,1.0
299,65_1_0_20170103184138483.jpg.chip.jpg,1.0,0.0,0.0
300,35_1_3_20170117145058906.jpg.chip.jpg,1.0,1.0,1.0
301,31_1_1_20170112230640389.jpg.chip.jpg,1.0,1.0,1.0
302,2_1_3_20161219224614064.jpg.chip.jpg,1.0,1.0,1.0
303,20_1_0_20170119153410801.jpg.chip.jpg,1.0,1.0,0.0
304,25_1_3_20170119171512535.jpg.chip.jpg,1.0,1.0,1.0
305,26_1_3_20170117174342230.jpg.chip.jpg,1.0,1.0,1.0
306,60_1_0_20170110154617064.jpg.chip.jpg,1.0,1.0,0.0
307,18_1_0_20170109214215051.jpg.chip.jpg,1.0,1.0,0.0
308,45_1_1_20170113012310351.jpg.chip.jpg,1.0,1.0,1.0
309,56_1_0_20170109002302955.jpg.chip.jpg,1.0,1.0,0.0
310,24_1_2_20170116165051346.jpg.chip.jpg,1.0,1.0,1.0
311,18_1_0_20170109214753528.jpg.chip.jpg,1.0,1.0,0.0
312,18_1_2_20170104020841204.jpg.chip.jpg,1.0,1.0,1.0
313,2_1_4_20161221202428169.jpg.chip.jpg,1.0,1.0,1.0
314,28_1_0_20170116235010441.jpg.chip.jpg,1.0,1.0,0.0
315,90_1_0_20170110182536477.jpg.chip.jpg,1.0,1.0,0.0
316,88_1_0_20170105174941006.jpg.chip.jpg,1.0,1.0,0.0
317,24_1_3_20170104231923674.jpg.chip.jpg,1.0,1.0,1.0
318,1_1_3_20161220220157201.jpg.chip.jpg,1.0,0.0,1.0
319,26_1_1_20170113012239224.jpg.chip.jpg,1.0,1.0,1.0
320,70_1_0_20170110122851852.jpg.chip.jpg,1.0,1.0,0.0
321,26_1_3_20170104235102538.jpg.chip.jpg,1.0,1.0,1.0
322,5_1_1_20170117192704482.jpg.chip.jpg,1.0,0.0,1.0
323,85_1_0_20170110182055926.jpg.chip.jpg,1.0,1.0,0.0
324,75_1_0_20170110154312939.jpg.chip.jpg,1.0,1.0,0.0
325,24_1_1_20170112233340647.jpg.chip.jpg,1.0,1.0,1.0
326,26_1_0_20170103181710200.jpg.chip.jpg,1.0,0.0,0.0
327,30_1_1_20170112215105568.jpg.chip.jpg,1.0,1.0,1.0
328,22_1_3_20170119163028157.jpg.chip.jpg,1.0,1.0,1.0
329,31_1_2_20170117164748522.jpg.chip.jpg,1.0,1.0,1.0
330,25_1_2_20170116003442393.jpg.chip.jpg,1.0,1.0,1.0
331,26_1_0_20170112235918563.jpg.chip.jpg,1.0,1.0,0.0
332,89_1_0_20170120225533673.jpg.chip.jpg,1.0,1.0,0.0
333,96_1_0_20170110182026396.jpg.chip.jpg,1.0,1.0,0.0
334,30_1_0_20170117174824936.jpg.chip.jpg,1.0,1.0,0.0
335,30_1_2_20170116194224682.jpg.chip.jpg,1.0,1.0,1.0
336,38_1_0_20170104183632893.jpg.chip.jpg,1.0,1.0,0.0
337,26_1_1_20170112231645231.jpg.chip.jpg,1.0,1.0,1.0
338,13_1_0_20170109204923296.jpg.chip.jpg,1.0,1.0,0.0
339,25_1_2_20170104015651372.jpg.chip.jpg,1.0,1.0,1.0
340,25_1_0_20170116201835487.jpg.chip.jpg,1.0,1.0,0.0
341,28_1_0_20170111182452808.jpg.chip.jpg,1.0,1.0,0.0
342,29_1_0_20170117202722702.jpg.chip.jpg,1.0,1.0,0.0
343,43_1_0_20170117155108211.jpg.chip.jpg,1.0,0.0,0.0
344,26_1_3_20170119192127618.jpg.chip.jpg,1.0,1.0,1.0
345,20_1_0_20170109214040024.jpg.chip.jpg,1.0,1.0,0.0
346,23_1_0_20170116221812669.jpg.chip.jpg,1.0,1.0,0.0
347,1_1_3_20161219225657032.jpg.chip.jpg,1.0,1.0,1.0
348,33_1_1_20170113000321114.jpg.chip.jpg,1.0,1.0,1.0
349,28_1_4_20170117202452072.jpg.chip.jpg,1.0,1.0,1.0
350,24_1_2_20170116174534993.jpg.chip.jpg,1.0,1.0,1.0
351,35_1_0_20170116235649559.jpg.chip.jpg,1.0,1.0,0.0
352,88_1_0_20170110183542726.jpg.chip.jpg,1.0,1.0,0.0
353,69_1_0_20170110153451295.jpg.chip.jpg,1.0,1.0,0.0
354,27_1_1_20170112234058559.jpg.chip.jpg,1.0,1.0,1.0
355,26_1_3_20170119192540907.jpg.chip.jpg,1.0,1.0,1.0
356,90_1_1_20170117195305990.jpg.chip.jpg,1.0,1.0,1.0
357,26_1_3_20170119163659157.jpg.chip.jpg,1.0,1.0,1.0
358,8_1_0_20170109205351904.jpg.chip.jpg,1.0,1.0,0.0
359,89_1_0_20170120230445570.jpg.chip.jpg,1.0,0.0,0.0
360,26_1_4_20170103225817689.jpg.chip.jpg,1.0,1.0,1.0
361,31_1_1_20170112235234538.jpg.chip.jpg,1.0,1.0,1.0
362,68_1_0_20170103184201412.jpg.chip.jpg,1.0,1.0,0.0
363,25_1_0_20170119172033312.jpg.chip.jpg,1.0,1.0,0.0
364,26_1_0_20170105183644799.jpg.chip.jpg,1.0,1.0,0.0
365,30_1_1_20170112210433845.jpg.chip.jpg,1.0,1.0,1.0
366,26_1_1_20170116233102426.jpg.chip.jpg,1.0,1.0,1.0
367,32_1_1_20170114024626132.jpg.chip.jpg,1.0,0.0,1.0
368,12_1_2_20170117145333545.jpg.chip.jpg,1.0,1.0,1.0
369,32_1_3_20170104235157578.jpg.chip.jpg,1.0,1.0,1.0
370,56_1_0_20170117172544019.jpg.chip.jpg,1.0,0.0,0.0
371,30_1_3_20170117120626251.jpg.chip.jpg,1.0,1.0,1.0
372,24_1_2_20170116165549493.jpg.chip.jpg,1.0,1.0,1.0
373,6_1_0_20170109201859697.jpg.chip.jpg,1.0,1.0,0.0
374,54_1_0_20170104185045990.jpg.chip.jpg,1.0,1.0,0.0
375,25_1_3_20170116200907622.jpg.chip.jpg,1.0,0.0,1.0
376,3_1_4_20170103234200795.jpg.chip.jpg,1.0,0.0,1.0
377,54_1_0_20170110124214646.jpg.chip.jpg,1.0,1.0,0.0
378,24_1_3_20170117150323460.jpg.chip.jpg,1.0,1.0,1.0
379,16_1_0_20170109214419099.jpg.chip.jpg,1.0,1.0,0.0
380,26_1_1_20170116232255273.jpg.chip.jpg,1.0,1.0,1.0
381,52_1_1_20170113012640929.jpg.chip.jpg,1.0,1.0,1.0
382,24_1_4_20170103223940759.jpg.chip.jpg,1.0,1.0,1.0
383,22_1_2_20170116162903793.jpg.chip.jpg,1.0,1.0,1.0
384,58_1_1_20170113012224304.jpg.chip.jpg,1.0,1.0,1.0
385,100_1_2_20170105174847679.jpg.chip.jpg,1.0,1.0,1.0
386,2_1_3_20161219230018024.jpg.chip.jpg,1.0,1.0,1.0
387,26_1_0_20170116164911648.jpg.chip.jpg,1.0,1.0,0.0
388,12_1_0_20170109203631496.jpg.chip.jpg,1.0,1.0,0.0
389,50_1_2_20170104023119069.jpg.chip.jpg,1.0,1.0,1.0
390,30_1_4_20170117203006317.jpg.chip.jpg,1.0,1.0,1.0
391,29_1_0_20170116205802552.jpg.chip.jpg,1.0,1.0,0.0
392,28_1_1_20170116023923708.jpg.chip.jpg,1.0,1.0,1.0
393,14_1_0_20170109213221821.jpg.chip.jpg,1.0,1.0,0.0
394,2_1_2_20161219160809142.jpg.chip.jpg,1.0,0.0,1.0
395,62_1_0_20170110182008441.jpg.chip.jpg,1.0,1.0,0.0
396,25_1_3_20170104222511735.jpg.chip.jpg,1.0,1.0,1.0
397,19_1_0_20170103175610671.jpg.chip.jpg,1.0,1.0,0.0
398,2_1_2_20161219212017166.jpg.chip.jpg,1.0,0.0,1.0
399,41_1_0_20170103183924011.jpg.chip.jpg,1.0,1.0,0.0
400,41_1_0_20170103163256248.jpg.chip.jpg,1.0,1.0,0.0
401,27_1_3_20170104235750836.jpg.chip.jpg,1.0,1.0,1.0
402,42_1_0_20170103184125771.jpg.chip.jpg,1.0,1.0,0.0
403,26_1_3_20170117174443279.jpg.chip.jpg,1.0,1.0,1.0
404,29_1_1_20170103183648691.jpg.chip.jpg,1.0,1.0,1.0
405,25_1_0_20170117195321747.jpg.chip.jpg,1.0,1.0,0.0
406,8_1_4_20170109202358152.jpg.chip.jpg,1.0,0.0,1.0
407,28_1_0_20170117190450170.jpg.chip.jpg,1.0,1.0,0.0
408,26_1_0_20170117174119845.jpg.chip.jpg,1.0,1.0,0.0
409,40_1_0_20170105172927477.jpg.chip.jpg,1.0,1.0,0.0
410,38_1_4_20170109002426534.jpg.chip.jpg,1.0,1.0,1.0
411,28_1_0_20170112203956699.jpg.chip.jpg,1.0,1.0,0.0
412,4_1_0_20170109191240933.jpg.chip.jpg,1.0,0.0,0.0
413,11_1_0_20170117133441179.jpg.chip.jpg,1.0,0.0,0.0
414,26_1_4_20170117154131789.jpg.chip.jpg,1.0,1.0,1.0
415,26_1_1_20170116223036741.jpg.chip.jpg,1.0,1.0,1.0
416,58_1_0_20170117173717097.jpg.chip.jpg,1.0,1.0,0.0
417,2_1_4_20161221201419633.jpg.chip.jpg,1.0,0.0,1.0
418,85_1_0_20170110155144403.jpg.chip.jpg,1.0,1.0,0.0
419,29_1_3_20170104232729436.jpg.chip.jpg,1.0,1.0,1.0
420,29_1_1_20170112235112993.jpg.chip.jpg,1.0,1.0,1.0
421,26_1_0_20170117201449668.jpg.chip.jpg,1.0,1.0,0.0
422,40_1_0_20170109132716930.jpg.chip.jpg,1.0,1.0,0.0
423,85_1_2_20170110181640900.jpg.chip.jpg,1.0,1.0,1.0
424,22_1_3_20170119163344958.jpg.chip.jpg,1.0,1.0,1.0
425,27_1_2_20170116171205598.jpg.chip.jpg,1.0,1.0,1.0
426,26_1_0_20170117003245354.jpg.chip.jpg,1.0,1.0,0.0
427,39_1_3_20170104234641563.jpg.chip.jpg,1.0,1.0,1.0
428,40_1_0_20170105164202500.jpg.chip.jpg,1.0,1.0,0.0
429,78_1_0_20170110181107549.jpg.chip.jpg,1.0,0.0,0.0
430,28_1_2_20170116163936289.jpg.chip.jpg,1.0,0.0,1.0
431,42_1_1_20170112234136775.jpg.chip.jpg,1.0,1.0,1.0
432,3_1_2_20161219152927668.jpg.chip.jpg,1.0,0.0,1.0
433,26_1_3_20170109133014151.jpg.chip.jpg,1.0,1.0,1.0
434,50_1_1_20170113002034412.jpg.chip.jpg,1.0,0.0,1.0
435,27_1_1_20170116022001556.jpg.chip.jpg,1.0,1.0,1.0
436,13_1_0_20170109201711197.jpg.chip.jpg,1.0,1.0,0.0
437,28_1_0_20170117180707457.jpg.chip.jpg,1.0,1.0,0.0
438,34_1_1_20170116012236821.jpg.chip.jpg,1.0,1.0,1.0
439,26_1_1_20170116234835737.jpg.chip.jpg,1.0,1.0,1.0
440,45_1_1_20170116003204136.jpg.chip.jpg,1.0,1.0,1.0
441,1_1_0_20170109190535640.jpg.chip.jpg,1.0,1.0,0.0
442,24_1_1_20170113011327776.jpg.chip.jpg,1.0,1.0,1.0
443,100_1_0_20170117195420803.jpg.chip.jpg,1.0,1.0,0.0
444,30_1_1_20170113011807912.jpg.chip.jpg,1.0,1.0,1.0
445,26_1_3_20170119193144114.jpg.chip.jpg,1.0,1.0,1.0
446,32_1_0_20170116211831287.jpg.chip.jpg,1.0,1.0,0.0
447,85_1_0_20170110181621323.jpg.chip.jpg,1.0,0.0,0.0
448,12_1_2_20170103200922406.jpg.chip.jpg,1.0,1.0,1.0
449,26_1_1_20170116232330694.jpg.chip.jpg,1.0,1.0,1.0
450,6_1_0_20170104005929399.jpg.chip.jpg,1.0,1.0,0.0
451,25_1_1_20170117142659506.jpg.chip.jpg,1.0,1.0,1.0
452,22_1_2_20170104021940541.jpg.chip.jpg,1.0,1.0,1.0
453,58_1_0_20170109150657263.jpg.chip.jpg,1.0,0.0,0.0
454,18_1_0_20170109212936696.jpg.chip.jpg,1.0,1.0,0.0
455,1_1_2_20161219161814470.jpg.chip.jpg,1.0,1.0,1.0
456,21_1_4_20170103230521217.jpg.chip.jpg,1.0,1.0,1.0
457,28_1_1_20170117022211139.jpg.chip.jpg,1.0,1.0,1.0
458,1_1_3_20161219230626530.jpg.chip.jpg,1.0,1.0,1.0
459,35_1_2_20170116191840543.jpg.chip.jpg,1.0,1.0,1.0
460,60_1_3_20170119205944312.jpg.chip.jpg,1.0,1.0,1.0
461,22_1_0_20170105183534558.jpg.chip.jpg,1.0,1.0,0.0
462,27_1_1_20170112234022671.jpg.chip.jpg,1.0,1.0,1.0
463,56_1_0_20170112205003474.jpg.chip.jpg,1.0,1.0,0.0
464,22_1_3_20170104231706746.jpg.chip.jpg,1.0,1.0,1.0
465,26_1_3_20170117173915821.jpg.chip.jpg,1.0,1.0,1.0
466,14_1_0_20170109213522480.jpg.chip.jpg,1.0,1.0,0.0
467,19_1_4_20170103233712235.jpg.chip.jpg,1.0,1.0,1.0
468,39_1_0_20170105184017031.jpg.chip.jpg,1.0,1.0,0.0
469,47_1_4_20170104181336102.jpg.chip.jpg,1.0,1.0,1.0
470,25_1_2_20170104021935245.jpg.chip.jpg,1.0,1.0,1.0
471,23_1_0_20170116221809969.jpg.chip.jpg,1.0,1.0,0.0
472,53_1_0_20170117163702203.jpg.chip.jpg,1.0,0.0,0.0
473,25_1_3_20170119171943592.jpg.chip.jpg,1.0,1.0,1.0
474,6_1_3_20161220220748274.jpg.chip.jpg,1.0,0.0,1.0
475,75_1_0_20170110182959300.jpg.chip.jpg,1.0,1.0,0.0
476,32_1_2_20170116162312021.jpg.chip.jpg,1.0,1.0,1.0
477,15_1_4_20170103233356803.jpg.chip.jpg,1.0,1.0,1.0
478,29_1_3_20170109141114301.jpg.chip.jpg,1.0,1.0,1.0
479,2_1_2_20161219161141325.jpg.chip.jpg,1.0,1.0,1.0
480,20_1_3_20170104222031311.jpg.chip.jpg,1.0,1.0,1.0
481,41_1_1_20170117194317075.jpg.chip.jpg,1.0,1.0,1.0
482,25_1_0_20170117123818139.jpg.chip.jpg,1.0,1.0,0.0
483,60_1_0_20170110140707890.jpg.chip.jpg,1.0,1.0,0.0
484,3_1_0_20161219204602748.jpg.chip.jpg,1.0,0.0,0.0
485,52_1_0_20170103163702176.jpg.chip.jpg,1.0,1.0,0.0
486,26_1_3_20170117174439983.jpg.chip.jpg,1.0,1.0,1.0
487,22_1_2_20170116162853367.jpg.chip.jpg,1.0,1.0,1.0
488,26_1_1_20170116232407502.jpg.chip.jpg,1.0,1.0,1.0
489,28_1_0_20170116200848585.jpg.chip.jpg,1.0,1.0,0.0
490,18_1_1_20170109212551451.jpg.chip.jpg,1.0,1.0,1.0
491,7_1_4_20161221193136085.jpg.chip.jpg,1.0,1.0,1.0
492,42_1_1_20170113012354401.jpg.chip.jpg,1.0,1.0,1.0
493,34_1_0_20170119170609560.jpg.chip.jpg,1.0,1.0,0.0
494,35_1_3_20170104223412190.jpg.chip.jpg,1.0,1.0,1.0
495,26_1_1_20170116232657066.jpg.chip.jpg,1.0,1.0,1.0
496,27_1_2_20170104020617357.jpg.chip.jpg,1.0,1.0,1.0
497,35_1_2_20170117183050262.jpg.chip.jpg,1.0,1.0,1.0
498,22_1_0_20170112233731616.jpg.chip.jpg,1.0,1.0,0.0
499,3_1_2_20161219141251896.jpg.chip.jpg,1.0,0.0,1.0
500,40_1_0_20170117171639587.jpg.chip.jpg,1.0,1.0,0.0
501,35_1_3_20170117173702817.jpg.chip.jpg,1.0,1.0,1.0
502,23_1_4_20170103223410718.jpg.chip.jpg,1.0,1.0,1.0
503,46_1_2_20170109002550554.jpg.chip.jpg,1.0,1.0,1.0
504,34_1_0_20170117180039028.jpg.chip.jpg,1.0,1.0,0.0
505,23_1_4_20170103225140728.jpg.chip.jpg,1.0,1.0,1.0
506,26_1_2_20170116184543342.jpg.chip.jpg,1.0,1.0,1.0
507,71_1_0_20170110152341109.jpg.chip.jpg,1.0,1.0,0.0
508,37_1_3_20170119193409372.jpg.chip.jpg,1.0,1.0,1.0
509,24_1_0_20170103163324584.jpg.chip.jpg,1.0,1.0,0.0
510,32_1_0_20170117182511453.jpg.chip.jpg,1.0,1.0,0.0
511,42_1_0_20170103182957410.jpg.chip.jpg,1.0,1.0,0.0
512,8_1_2_20161219194234250.jpg.chip.jpg,1.0,1.0,1.0
513,25_1_3_20170117151134442.jpg.chip.jpg,1.0,1.0,1.0
514,27_1_0_20170116220503099.jpg.chip.jpg,1.0,1.0,0.0
515,26_1_4_20170103213051380.jpg.chip.jpg,1.0,1.0,1.0
516,26_1_1_20170112211652677.jpg.chip.jpg,1.0,1.0,1.0
517,2_1_0_20170109191841423.jpg.chip.jpg,1.0,0.0,0.0
518,25_1_2_20170104020903060.jpg.chip.jpg,1.0,1.0,1.0
519,80_1_0_20170110151356634.jpg.chip.jpg,1.0,1.0,0.0
520,3_1_0_20170109191833465.jpg.chip.jpg,1.0,1.0,0.0
521,26_1_2_20170116180246581.jpg.chip.jpg,1.0,1.0,1.0
522,31_1_0_20170117133210639.jpg.chip.jpg,1.0,1.0,0.0
523,3_1_2_20161219212345318.jpg.chip.jpg,1.0,1.0,1.0
524,22_1_1_20170112230542227.jpg.chip.jpg,1.0,1.0,1.0
525,34_1_0_20170104235402171.jpg.chip.jpg,1.0,1.0,0.0
526,6_1_0_20170104005551551.jpg.chip.jpg,1.0,1.0,0.0
527,26_1_3_20170117154821244.jpg.chip.jpg,1.0,1.0,1.0
528,26_1_1_20170116162426080.jpg.chip.jpg,1.0,1.0,1.0
529,4_1_2_20161219204902988.jpg.chip.jpg,1.0,1.0,1.0
530,8_1_0_20170109202802966.jpg.chip.jpg,1.0,1.0,0.0
531,30_1_2_20170116174427095.jpg.chip.jpg,1.0,1.0,1.0
532,28_1_0_20170117174702574.jpg.chip.jpg,1.0,1.0,0.0
533,40_1_0_20170117180019091.jpg.chip.jpg,1.0,1.0,0.0
534,7_1_2_20161219204222117.jpg.chip.jpg,1.0,0.0,1.0
535,29_1_3_20170104232940018.jpg.chip.jpg,1.0,1.0,1.0
536,34_1_3_20170119155627753.jpg.chip.jpg,1.0,1.0,1.0
537,80_1_1_20170117193146273.jpg.chip.jpg,1.0,1.0,1.0
538,26_1_1_20170116153255355.jpg.chip.jpg,1.0,1.0,1.0
539,15_1_1_20170112230550725.jpg.chip.jpg,1.0,1.0,1.0
540,36_1_0_20170104171550313.jpg.chip.jpg,1.0,1.0,0.0
541,67_1_0_20170110152820302.jpg.chip.jpg,1.0,1.0,0.0
542,25_1_0_20170105002736333.jpg.chip.jpg,1.0,1.0,0.0
543,17_1_0_20170109212954942.jpg.chip.jpg,1.0,1.0,0.0
544,23_1_4_20170117194311620.jpg.chip.jpg,1.0,1.0,1.0
545,5_1_4_20161221193033413.jpg.chip.jpg,1.0,1.0,1.0
546,60_1_0_20170110151506029.jpg.chip.jpg,1.0,1.0,0.0
547,5_1_0_20170109193010080.jpg.chip.jpg,1.0,0.0,0.0
548,56_1_1_20170112231901927.jpg.chip.jpg,1.0,1.0,1.0
549,40_1_0_20170117144921201.jpg.chip.jpg,1.0,1.0,0.0
550,35_1_1_20170113005348678.jpg.chip.jpg,1.0,1.0,1.0
551,16_1_1_20170112191246585.jpg.chip.jpg,1.0,0.0,1.0
552,20_1_0_20170113005610158.jpg.chip.jpg,1.0,1.0,0.0
553,26_1_1_20170113000334730.jpg.chip.jpg,1.0,1.0,1.0
554,31_1_4_20161221193717222.jpg.chip.jpg,1.0,1.0,1.0
555,68_1_0_20170110160644032.jpg.chip.jpg,1.0,1.0,0.0
556,38_1_1_20170113005614349.jpg.chip.jpg,1.0,1.0,1.0
557,8_1_0_20170109204818624.jpg.chip.jpg,1.0,1.0,0.0
558,47_1_3_20170119202206348.jpg.chip.jpg,1.0,1.0,1.0
559,45_1_2_20170116001025936.jpg.chip.jpg,1.0,1.0,1.0
560,22_1_3_20170104214404028.jpg.chip.jpg,1.0,1.0,1.0
561,65_1_0_20170110140804905.jpg.chip.jpg,1.0,1.0,0.0
562,18_1_0_20170109213911368.jpg.chip.jpg,1.0,1.0,0.0
563,28_1_1_20170116225020910.jpg.chip.jpg,1.0,1.0,1.0
564,9_1_0_20170109202824646.jpg.chip.jpg,1.0,1.0,0.0
565,28_1_3_20170117180649497.jpg.chip.jpg,1.0,1.0,1.0
566,36_1_1_20170113001658573.jpg.chip.jpg,1.0,1.0,1.0
567,35_1_0_20170103183453835.jpg.chip.jpg,1.0,1.0,0.0
568,26_1_1_20170113000114594.jpg.chip.jpg,1.0,1.0,1.0
569,12_1_4_20170103200721583.jpg.chip.jpg,1.0,1.0,1.0
570,5_1_4_20170116232419298.jpg.chip.jpg,1.0,1.0,1.0
571,50_1_0_20170110141207224.jpg.chip.jpg,1.0,1.0,0.0
572,24_1_1_20170112234551513.jpg.chip.jpg,1.0,1.0,1.0
573,39_1_0_20170117154501002.jpg.chip.jpg,1.0,1.0,0.0
574,35_1_0_20170103182759530.jpg.chip.jpg,1.0,1.0,0.0
575,53_1_0_20170105171816333.jpg.chip.jpg,1.0,1.0,0.0
576,26_1_3_20170109134536902.jpg.chip.jpg,1.0,1.0,1.0
577,32_1_0_20170103163347255.jpg.chip.jpg,1.0,1.0,0.0
578,38_1_1_20170113005439788.jpg.chip.jpg,1.0,1.0,1.0
579,17_1_0_20170104013458371.jpg.chip.jpg,1.0,0.0,0.0
580,36_1_0_20170103183128874.jpg.chip.jpg,1.0,1.0,0.0
581,26_1_3_20170117173617814.jpg.chip.jpg,1.0,1.0,1.0
582,23_1_0_20170116221828462.jpg.chip.jpg,1.0,1.0,0.0
583,19_1_2_20170116163806963.jpg.chip.jpg,1.0,1.0,1.0
584,1_1_0_20170109194038813.jpg.chip.jpg,1.0,1.0,0.0
585,26_1_3_20170119193150571.jpg.chip.jpg,1.0,1.0,1.0
586,10_1_0_20170109203608654.jpg.chip.jpg,1.0,1.0,0.0
587,29_1_1_20170113012557033.jpg.chip.jpg,1.0,1.0,1.0
588,26_1_1_20170116180739158.jpg.chip.jpg,1.0,1.0,1.0
589,27_1_0_20170103175534240.jpg.chip.jpg,1.0,1.0,0.0
590,31_1_2_20170105161436755.jpg.chip.jpg,1.0,1.0,1.0
591,27_1_1_20170116162433766.jpg.chip.jpg,1.0,1.0,1.0
592,62_1_0_20170110160643798.jpg.chip.jpg,1.0,1.0,0.0
593,10_1_0_20170109204422889.jpg.chip.jpg,1.0,0.0,0.0
594,26_1_0_20170116184526152.jpg.chip.jpg,1.0,1.0,0.0
595,19_1_2_20170104005053831.jpg.chip.jpg,1.0,1.0,1.0
596,30_1_1_20170117154805220.jpg.chip.jpg,1.0,1.0,1.0
597,23_1_2_20170103180447815.jpg.chip.jpg,1.0,1.0,1.0
598,35_1_4_20170117201052046.jpg.chip.jpg,1.0,1.0,1.0
599,17_1_0_20170109201558943.jpg.chip.jpg,1.0,1.0,0.0
600,26_1_1_20170116174208031.jpg.chip.jpg,1.0,1.0,1.0
601,25_1_1_20170112205215428.jpg.chip.jpg,1.0,1.0,1.0
602,30_1_0_20170117181424196.jpg.chip.jpg,1.0,1.0,0.0
603,55_1_0_20170110122955702.jpg.chip.jpg,1.0,1.0,0.0
604,48_1_3_20170119195845924.jpg.chip.jpg,1.0,1.0,1.0
605,54_1_0_20170117191408330.jpg.chip.jpg,1.0,1.0,0.0
606,32_1_0_20170103163352672.jpg.chip.jpg,1.0,1.0,0.0
607,23_1_3_20170119164543837.jpg.chip.jpg,1.0,1.0,1.0
608,90_1_0_20170110143355280.jpg.chip.jpg,1.0,1.0,0.0
609,32_1_1_20170117140852897.jpg.chip.jpg,1.0,1.0,1.0
610,24_1_1_20170117194632596.jpg.chip.jpg,1.0,1.0,1.0
611,38_1_1_20170113012719329.jpg.chip.jpg,1.0,1.0,1.0
612,27_1_2_20170116171630835.jpg.chip.jpg,1.0,1.0,1.0
613,22_1_3_20170117143926531.jpg.chip.jpg,1.0,1.0,1.0
614,43_1_1_20170112235219665.jpg.chip.jpg,1.0,1.0,1.0
615,69_1_0_20170110175853077.jpg.chip.jpg,1.0,1.0,0.0
616,32_1_0_20170116220919526.jpg.chip.jpg,1.0,1.0,0.0
617,27_1_0_20170116201204900.jpg.chip.jpg,1.0,1.0,0.0
618,36_1_1_20170112233326423.jpg.chip.jpg,1.0,1.0,1.0
619,22_1_2_20161219153940196.jpg.chip.jpg,1.0,1.0,1.0
620,26_1_1_20170116011413001.jpg.chip.jpg,1.0,1.0,1.0
621,29_1_0_20170103182700482.jpg.chip.jpg,1.0,1.0,0.0
622,39_1_3_20170119204014702.jpg.chip.jpg,1.0,1.0,1.0
623,33_1_4_20170117201624958.jpg.chip.jpg,1.0,1.0,1.0
624,24_1_2_20170103235106308.jpg.chip.jpg,1.0,1.0,1.0
625,32_1_0_20170117134826702.jpg.chip.jpg,1.0,1.0,0.0
626,27_1_3_20170119194423595.jpg.chip.jpg,1.0,1.0,1.0
627,7_1_3_20170104221740399.jpg.chip.jpg,1.0,1.0,1.0
628,89_1_0_20170110182442099.jpg.chip.jpg,1.0,1.0,0.0
629,32_1_1_20170113001559035.jpg.chip.jpg,1.0,1.0,1.0
630,5_1_0_20161219153633244.jpg.chip.jpg,1.0,1.0,0.0
631,1_1_0_20170109192245647.jpg.chip.jpg,1.0,1.0,0.0
632,28_1_2_20170116162424590.jpg.chip.jpg,1.0,1.0,1.0
633,65_1_0_20170110122605770.jpg.chip.jpg,1.0,1.0,0.0
634,30_1_3_20170117181345172.jpg.chip.jpg,1.0,1.0,1.0
635,61_1_0_20170117204812272.jpg.chip.jpg,1.0,1.0,0.0
636,56_1_0_20170120140341104.jpg.chip.jpg,1.0,1.0,0.0
637,27_1_0_20170116173136538.jpg.chip.jpg,1.0,1.0,0.0
638,35_1_0_20170117183056734.jpg.chip.jpg,1.0,1.0,0.0
639,35_1_0_20170113005254692.jpg.chip.jpg,1.0,1.0,0.0
640,29_1_2_20170116172543850.jpg.chip.jpg,1.0,1.0,1.0
641,95_1_2_20170112224548347.jpg.chip.jpg,1.0,1.0,1.0
642,29_1_2_20170116174619470.jpg.chip.jpg,1.0,1.0,1.0
643,4_1_4_20161221193352350.jpg.chip.jpg,1.0,0.0,1.0
644,42_1_2_20170116162349143.jpg.chip.jpg,1.0,1.0,1.0
645,19_1_0_20170109205400352.jpg.chip.jpg,1.0,1.0,0.0
646,40_1_0_20170104183430557.jpg.chip.jpg,1.0,1.0,0.0
647,23_1_4_20161223230013995.jpg.chip.jpg,1.0,1.0,1.0
648,65_1_0_20170110160643954.jpg.chip.jpg,1.0,1.0,0.0
649,12_1_3_20170104013517483.jpg.chip.jpg,1.0,1.0,1.0
650,26_1_0_20170113180707130.jpg.chip.jpg,1.0,1.0,0.0
651,115_1_0_20170120134725991.jpg.chip.jpg,1.0,1.0,0.0
652,42_1_1_20170113005717990.jpg.chip.jpg,1.0,1.0,1.0
653,10_1_0_20170109204244904.jpg.chip.jpg,1.0,1.0,0.0
654,32_1_0_20170103182600698.jpg.chip.jpg,1.0,1.0,0.0
655,52_1_0_20170109013524205.jpg.chip.jpg,1.0,1.0,0.0
656,26_1_3_20170104235414180.jpg.chip.jpg,1.0,1.0,1.0
657,68_1_0_20170110175703443.jpg.chip.jpg,1.0,1.0,0.0
658,84_1_0_20170120222457967.jpg.chip.jpg,1.0,0.0,0.0
659,52_1_0_20170117145704297.jpg.chip.jpg,1.0,1.0,0.0
660,1_1_2_20161219194839971.jpg.chip.jpg,1.0,1.0,1.0
661,83_1_0_20170120225627516.jpg.chip.jpg,1.0,1.0,0.0
662,46_1_2_20170109002726038.jpg.chip.jpg,1.0,1.0,1.0
663,8_1_3_20170104221730663.jpg.chip.jpg,1.0,1.0,1.0
664,24_1_0_20170116174738833.jpg.chip.jpg,1.0,1.0,0.0
665,85_1_0_20170111205811953.jpg.chip.jpg,1.0,0.0,0.0
666,29_1_3_20170104214540068.jpg.chip.jpg,1.0,1.0,1.0
667,26_1_0_20170116225127693.jpg.chip.jpg,1.0,0.0,0.0
668,27_1_3_20170104231741609.jpg.chip.jpg,1.0,1.0,1.0
669,23_1_4_20170117144906730.jpg.chip.jpg,1.0,1.0,1.0
670,36_1_3_20170119202143325.jpg.chip.jpg,1.0,1.0,1.0
671,25_1_3_20170119172140785.jpg.chip.jpg,1.0,1.0,1.0
672,15_1_0_20170109214328421.jpg.chip.jpg,1.0,1.0,0.0
673,31_1_3_20170104234514954.jpg.chip.jpg,1.0,1.0,1.0
674,46_1_0_20170109142329559.jpg.chip.jpg,1.0,1.0,0.0
675,1_1_3_20161219225008799.jpg.chip.jpg,1.0,1.0,1.0
676,24_1_0_20170117194857869.jpg.chip.jpg,1.0,1.0,0.0
677,38_1_1_20170116165625644.jpg.chip.jpg,1.0,1.0,1.0
678,25_1_1_20170116001314901.jpg.chip.jpg,1.0,1.0,1.0
679,56_1_0_20170104203119691.jpg.chip.jpg,1.0,0.0,0.0
680,9_1_0_20170109204249427.jpg.chip.jpg,1.0,1.0,0.0
681,29_1_4_20170103181529824.jpg.chip.jpg,1.0,1.0,1.0
682,23_1_1_20170114030249007.jpg.chip.jpg,1.0,1.0,1.0
683,15_1_0_20170109204150999.jpg.chip.jpg,1.0,1.0,0.0
684,31_1_0_20170117133139911.jpg.chip.jpg,1.0,1.0,0.0
685,8_1_0_20170117154607954.jpg.chip.jpg,1.0,1.0,0.0
686,26_1_2_20170116183011989.jpg.chip.jpg,1.0,1.0,1.0
687,26_1_1_20170112212030764.jpg.chip.jpg,1.0,1.0,1.0
688,50_1_0_20170104205235021.jpg.chip.jpg,1.0,1.0,0.0
689,16_1_0_20170103201016775.jpg.chip.jpg,1.0,1.0,0.0
690,66_1_0_20170110140413980.jpg.chip.jpg,1.0,1.0,0.0
691,89_1_0_20170120230308115.jpg.chip.jpg,1.0,1.0,0.0
692,21_1_3_20170104222046054.jpg.chip.jpg,1.0,1.0,1.0
693,42_1_0_20170104181529757.jpg.chip.jpg,1.0,1.0,0.0
694,1_1_4_20170103204825447.jpg.chip.jpg,1.0,0.0,1.0
695,35_1_1_20170116021348604.jpg.chip.jpg,1.0,1.0,1.0
696,26_1_2_20170116182442130.jpg.chip.jpg,1.0,1.0,1.0
697,35_1_3_20170119163902152.jpg.chip.jpg,1.0,1.0,1.0
698,23_1_4_20170117194319028.jpg.chip.jpg,1.0,1.0,1.0
699,54_1_0_20170103183727146.jpg.chip.jpg,1.0,0.0,0.0
700,66_1_0_20170110160643985.jpg.chip.jpg,1.0,1.0,0.0
701,24_1_4_20170117194920763.jpg.chip.jpg,1.0,1.0,1.0
702,4_1_3_20161219225734881.jpg.chip.jpg,1.0,1.0,1.0
703,59_1_0_20170110132107674.jpg.chip.jpg,1.0,1.0,0.0
704,2_1_4_20161221195222927.jpg.chip.jpg,1.0,1.0,1.0
705,30_1_2_20170104020408339.jpg.chip.jpg,1.0,1.0,1.0
706,29_1_0_20170114031410630.jpg.chip.jpg,1.0,1.0,0.0
707,54_1_0_20170104235918548.jpg.chip.jpg,1.0,1.0,0.0
708,40_1_0_20170117092603386.jpg.chip.jpg,1.0,1.0,0.0
709,7_1_2_20161219141129768.jpg.chip.jpg,1.0,0.0,1.0
710,56_1_0_20170109220607828.jpg.chip.jpg,1.0,1.0,0.0
711,4_1_3_20161220145749167.jpg.chip.jpg,1.0,0.0,1.0
712,26_1_0_20170117005859409.jpg.chip.jpg,1.0,1.0,0.0
713,26_1_4_20161221193703783.jpg.chip.jpg,1.0,1.0,1.0
714,27_1_2_20170116163900043.jpg.chip.jpg,1.0,1.0,1.0
715,72_1_0_20170110180453423.jpg.chip.jpg,1.0,1.0,0.0
716,50_1_0_20170117143959322.jpg.chip.jpg,1.0,1.0,0.0
717,1_1_2_20161219190745330.jpg.chip.jpg,1.0,1.0,1.0
718,5_1_2_20161219163010238.jpg.chip.jpg,1.0,1.0,1.0
719,27_1_0_20170116171624008.jpg.chip.jpg,1.0,1.0,0.0
720,2_1_2_20161219211617551.jpg.chip.jpg,1.0,0.0,1.0
721,1_1_0_20161219161022878.jpg.chip.jpg,1.0,1.0,0.0
722,3_1_2_20161219205437357.jpg.chip.jpg,1.0,0.0,1.0
723,3_1_0_20170109192750346.jpg.chip.jpg,1.0,1.0,0.0
724,23_1_1_20170113010514727.jpg.chip.jpg,1.0,1.0,1.0
725,26_1_3_20170119193058134.jpg.chip.jpg,1.0,1.0,1.0
726,7_1_3_20170104222541621.jpg.chip.jpg,1.0,1.0,1.0
727,43_1_1_20170117010132729.jpg.chip.jpg,1.0,0.0,1.0
728,24_1_3_20170119170559575.jpg.chip.jpg,1.0,1.0,1.0
729,84_1_0_20170110181735987.jpg.chip.jpg,1.0,1.0,0.0
730,11_1_0_20170109204523092.jpg.chip.jpg,1.0,0.0,0.0
731,28_1_0_20170109003515954.jpg.chip.jpg,1.0,1.0,0.0
732,8_1_0_20170109204400392.jpg.chip.jpg,1.0,1.0,0.0
733,33_1_0_20170103181937009.jpg.chip.jpg,1.0,1.0,0.0
734,27_1_0_20170119155531065.jpg.chip.jpg,1.0,1.0,0.0
735,6_1_3_20161220223142531.jpg.chip.jpg,1.0,0.0,1.0
736,38_1_0_20170117154114972.jpg.chip.jpg,1.0,1.0,0.0
737,31_1_1_20170117010333242.jpg.chip.jpg,1.0,0.0,1.0
738,23_1_0_20170112234220808.jpg.chip.jpg,1.0,1.0,0.0
739,26_1_2_20170116184051103.jpg.chip.jpg,1.0,1.0,1.0
740,34_1_0_20170103163503653.jpg.chip.jpg,1.0,1.0,0.0
741,22_1_1_20170116000638538.jpg.chip.jpg,1.0,1.0,1.0
742,78_1_0_20170110180142396.jpg.chip.jpg,1.0,1.0,0.0
743,35_1_4_20170117193701109.jpg.chip.jpg,1.0,1.0,1.0
744,45_1_0_20170117191302524.jpg.chip.jpg,1.0,1.0,0.0
745,1_1_3_20161219230507432.jpg.chip.jpg,1.0,1.0,1.0
746,26_1_1_20170116232550099.jpg.chip.jpg,1.0,1.0,1.0
747,45_1_0_20170117182517677.jpg.chip.jpg,1.0,1.0,0.0
748,25_1_2_20170116173206933.jpg.chip.jpg,1.0,1.0,1.0
749,32_1_1_20170113000950242.jpg.chip.jpg,1.0,1.0,1.0
750,39_1_0_20170105002727282.jpg.chip.jpg,1.0,1.0,0.0
751,15_1_0_20170103201148510.jpg.chip.jpg,1.0,1.0,0.0
752,12_1_0_20170104013410523.jpg.chip.jpg,1.0,1.0,0.0
753,22_1_4_20170117193954085.jpg.chip.jpg,1.0,1.0,1.0
754,25_1_3_20170104222513085.jpg.chip.jpg,1.0,1.0,1.0
755,32_1_0_20170116220851784.jpg.chip.jpg,1.0,1.0,0.0
756,1_1_2_20161219212221341.jpg.chip.jpg,1.0,0.0,1.0
757,26_1_2_20170116182406083.jpg.chip.jpg,1.0,1.0,1.0
758,25_1_2_20170116223140371.jpg.chip.jpg,1.0,1.0,1.0
759,8_1_0_20170117175940947.jpg.chip.jpg,1.0,1.0,0.0
760,22_1_4_20170103233803763.jpg.chip.jpg,1.0,1.0,1.0
761,26_1_4_20170117200115644.jpg.chip.jpg,1.0,1.0,1.0
762,72_1_0_20170110140754434.jpg.chip.jpg,1.0,1.0,0.0
763,56_1_0_20170104212451892.jpg.chip.jpg,1.0,1.0,0.0
764,68_1_0_20170110143529881.jpg.chip.jpg,1.0,1.0,0.0
765,26_1_2_20170116180753524.jpg.chip.jpg,1.0,1.0,1.0
766,27_1_1_20170112213549597.jpg.chip.jpg,1.0,0.0,1.0
767,27_1_2_20170116175930683.jpg.chip.jpg,1.0,1.0,1.0
768,3_1_0_20170103210428066.jpg.chip.jpg,1.0,1.0,0.0
769,22_1_3_20170104234459677.jpg.chip.jpg,1.0,1.0,1.0
770,6_1_0_20170109201058867.jpg.chip.jpg,1.0,1.0,0.0
771,27_1_3_20170104232645690.jpg.chip.jpg,1.0,1.0,1.0
772,18_1_4_20170109212430115.jpg.chip.jpg,1.0,1.0,1.0
773,49_1_0_20170104185000777.jpg.chip.jpg,1.0,0.0,0.0
774,22_1_2_20170116172659590.jpg.chip.jpg,1.0,1.0,1.0
775,26_1_2_20170117201843503.jpg.chip.jpg,1.0,1.0,1.0
776,24_1_3_20170119171103008.jpg.chip.jpg,1.0,1.0,1.0
777,10_1_0_20170109204148144.jpg.chip.jpg,1.0,0.0,0.0
778,1_1_2_20161219200152877.jpg.chip.jpg,1.0,0.0,1.0
779,49_1_1_20170110153320156.jpg.chip.jpg,1.0,1.0,1.0
780,14_1_0_20170109214345916.jpg.chip.jpg,1.0,1.0,0.0
781,17_1_4_20170103201233799.jpg.chip.jpg,1.0,1.0,1.0
782,2_1_0_20170109191720148.jpg.chip.jpg,1.0,1.0,0.0
783,28_1_3_20170104223337415.jpg.chip.jpg,1.0,1.0,1.0
784,22_1_2_20170116172726806.jpg.chip.jpg,1.0,1.0,1.0
785,32_1_1_20170113001310242.jpg.chip.jpg,1.0,1.0,1.0
786,4_1_1_20170109194520772.jpg.chip.jpg,1.0,1.0,1.0
787,26_1_3_20170117174445062.jpg.chip.jpg,1.0,1.0,1.0
788,38_1_2_20170116153446750.jpg.chip.jpg,1.0,1.0,1.0
789,26_1_3_20170119180937252.jpg.chip.jpg,1.0,0.0,1.0
790,32_1_1_20170116173307655.jpg.chip.jpg,1.0,1.0,1.0
791,36_1_0_20170103182523314.jpg.chip.jpg,1.0,1.0,0.0
792,45_1_1_20170112203850233.jpg.chip.jpg,1.0,1.0,1.0
793,41_1_0_20170116235150272.jpg.chip.jpg,1.0,1.0,0.0
794,61_1_3_20170119211928409.jpg.chip.jpg,1.0,0.0,1.0
795,46_1_0_20170119192512353.jpg.chip.jpg,1.0,1.0,0.0
796,46_1_2_20170109011159798.jpg.chip.jpg,1.0,1.0,1.0
797,49_1_4_20170104235649484.jpg.chip.jpg,1.0,1.0,1.0
798,34_1_1_20170114033426045.jpg.chip.jpg,1.0,1.0,1.0
799,8_1_4_20170109202746183.jpg.chip.jpg,1.0,0.0,1.0
800,24_1_4_20170117194842219.jpg.chip.jpg,1.0,1.0,1.0
801,28_1_3_20170109132327888.jpg.chip.jpg,1.0,1.0,1.0
802,15_1_0_20170109214447621.jpg.chip.jpg,1.0,1.0,0.0
803,24_1_1_20170112204645764.jpg.chip.jpg,1.0,1.0,1.0
804,28_1_1_20170117022229804.jpg.chip.jpg,1.0,1.0,1.0
805,37_1_0_20170117140027921.jpg.chip.jpg,1.0,1.0,0.0
806,20_1_0_20170117141338600.jpg.chip.jpg,1.0,1.0,0.0
807,5_1_3_20161219225746112.jpg.chip.jpg,1.0,1.0,1.0
808,27_1_2_20170116163614840.jpg.chip.jpg,1.0,1.0,1.0
809,24_1_1_20170112230733998.jpg.chip.jpg,1.0,1.0,1.0
810,2_1_2_20161219194411043.jpg.chip.jpg,1.0,0.0,1.0
811,28_1_1_20170117121837397.jpg.chip.jpg,1.0,1.0,1.0
812,28_1_2_20170116163110033.jpg.chip.jpg,1.0,1.0,1.0
813,35_1_3_20170104220136126.jpg.chip.jpg,1.0,0.0,1.0
814,2_1_2_20161219161804134.jpg.chip.jpg,1.0,0.0,1.0
815,1_1_0_20170109192737181.jpg.chip.jpg,1.0,1.0,0.0
816,35_1_1_20170117005839967.jpg.chip.jpg,1.0,0.0,1.0
817,26_1_3_20170104223003860.jpg.chip.jpg,1.0,1.0,1.0
818,46_1_3_20170120140919993.jpg.chip.jpg,1.0,1.0,1.0
819,66_1_1_20170113000154762.jpg.chip.jpg,1.0,1.0,1.0
820,24_1_3_20170104231911026.jpg.chip.jpg,1.0,1.0,1.0
821,28_1_2_20170116192106479.jpg.chip.jpg,1.0,1.0,1.0
822,24_1_0_20170116172723427.jpg.chip.jpg,1.0,1.0,0.0
823,1_1_2_20170117192827229.jpg.chip.jpg,1.0,1.0,1.0
824,27_1_0_20170116200842891.jpg.chip.jpg,1.0,0.0,0.0
825,45_1_0_20170110160643106.jpg.chip.jpg,1.0,1.0,0.0
826,3_1_0_20170103213301485.jpg.chip.jpg,1.0,0.0,0.0
827,28_1_2_20170116162403898.jpg.chip.jpg,1.0,1.0,1.0
828,29_1_2_20170116164713504.jpg.chip.jpg,1.0,1.0,1.0
829,60_1_1_20170110122351600.jpg.chip.jpg,1.0,1.0,1.0
830,2_1_3_20161219225432608.jpg.chip.jpg,1.0,0.0,1.0
831,46_1_1_20170111182452917.jpg.chip.jpg,1.0,1.0,1.0
832,28_1_0_20170103180926608.jpg.chip.jpg,1.0,1.0,0.0
833,26_1_1_20170113000644330.jpg.chip.jpg,1.0,1.0,1.0
834,25_1_0_20170105183547063.jpg.chip.jpg,1.0,1.0,0.0
835,21_1_3_20170119155737580.jpg.chip.jpg,1.0,1.0,1.0
836,61_1_0_20170117175122341.jpg.chip.jpg,1.0,1.0,0.0
837,8_1_0_20170109204532695.jpg.chip.jpg,1.0,1.0,0.0
838,26_1_3_20170104232510106.jpg.chip.jpg,1.0,1.0,1.0
839,53_1_0_20170104202409738.jpg.chip.jpg,1.0,0.0,0.0
840,58_1_3_20170104220324390.jpg.chip.jpg,1.0,1.0,1.0
841,28_1_2_20170116165530274.jpg.chip.jpg,1.0,1.0,1.0
842,36_1_0_20170103182902892.jpg.chip.jpg,1.0,1.0,0.0
843,24_1_1_20170112204824258.jpg.chip.jpg,1.0,1.0,1.0
844,21_1_3_20170104231602346.jpg.chip.jpg,1.0,1.0,1.0
845,50_1_4_20170117203355296.jpg.chip.jpg,1.0,1.0,1.0
846,50_1_0_20170110151412371.jpg.chip.jpg,1.0,1.0,0.0
847,20_1_0_20170117141216752.jpg.chip.jpg,1.0,1.0,0.0
848,29_1_0_20170114030939325.jpg.chip.jpg,1.0,1.0,0.0
849,20_1_2_20170116194052786.jpg.chip.jpg,1.0,1.0,1.0
850,85_1_0_20170110183801752.jpg.chip.jpg,1.0,1.0,0.0
851,37_1_1_20170112215450519.jpg.chip.jpg,1.0,1.0,1.0
852,2_1_4_20161221192849749.jpg.chip.jpg,1.0,0.0,1.0
853,9_1_0_20170109204754719.jpg.chip.jpg,1.0,1.0,0.0
854,25_1_1_20170112193002220.jpg.chip.jpg,1.0,1.0,1.0
855,14_1_0_20170109203505137.jpg.chip.jpg,1.0,1.0,0.0
856,27_1_0_20170105162221371.jpg.chip.jpg,1.0,1.0,0.0
857,35_1_0_20170117203415648.jpg.chip.jpg,1.0,1.0,0.0
858,26_1_1_20170116164838750.jpg.chip.jpg,1.0,1.0,1.0
859,80_1_0_20170110154540002.jpg.chip.jpg,1.0,1.0,0.0
860,58_1_0_20170110140856753.jpg.chip.jpg,1.0,1.0,0.0
861,21_1_2_20161219211717693.jpg.chip.jpg,1.0,1.0,1.0
862,11_1_1_20170109203712835.jpg.chip.jpg,1.0,1.0,1.0
863,28_1_0_20170117140041948.jpg.chip.jpg,1.0,1.0,0.0
864,54_1_0_20170103180708902.jpg.chip.jpg,1.0,1.0,0.0
865,18_1_2_20170105183420463.jpg.chip.jpg,1.0,1.0,1.0
866,49_1_0_20170104213040501.jpg.chip.jpg,1.0,1.0,0.0
867,1_1_4_20170103212116187.jpg.chip.jpg,1.0,1.0,1.0
868,35_1_1_20170112230432254.jpg.chip.jpg,1.0,1.0,1.0
869,16_1_4_20170103233818803.jpg.chip.jpg,1.0,1.0,1.0
870,28_1_4_20170103182235849.jpg.chip.jpg,1.0,1.0,1.0
871,32_1_3_20170104232404770.jpg.chip.jpg,1.0,1.0,1.0
872,35_1_1_20170112231632006.jpg.chip.jpg,1.0,1.0,1.0
873,29_1_0_20170116220908902.jpg.chip.jpg,1.0,1.0,0.0
874,25_1_2_20170116175320721.jpg.chip.jpg,1.0,1.0,1.0
875,27_1_0_20170109013152498.jpg.chip.jpg,1.0,1.0,0.0
876,33_1_4_20170117200817413.jpg.chip.jpg,1.0,1.0,1.0
877,60_1_0_20170110141408280.jpg.chip.jpg,1.0,1.0,0.0
878,23_1_0_20170117144727035.jpg.chip.jpg,1.0,1.0,0.0
879,66_1_0_20170110132405672.jpg.chip.jpg,1.0,1.0,0.0
880,20_1_0_20170103175638671.jpg.chip.jpg,1.0,1.0,0.0
881,1_1_3_20161220143207700.jpg.chip.jpg,1.0,1.0,1.0
882,24_1_0_20170117194749524.jpg.chip.jpg,1.0,1.0,0.0
883,2_1_0_20170109194125822.jpg.chip.jpg,1.0,0.0,0.0
884,30_1_0_20170117092814966.jpg.chip.jpg,1.0,1.0,0.0
885,29_1_1_20170116001830007.jpg.chip.jpg,1.0,1.0,1.0
886,1_1_2_20161219153531852.jpg.chip.jpg,1.0,0.0,1.0
887,31_1_4_20170103230411344.jpg.chip.jpg,1.0,1.0,1.0
888,35_1_2_20170117171219155.jpg.chip.jpg,1.0,1.0,1.0
889,53_1_0_20170120223207284.jpg.chip.jpg,1.0,1.0,0.0
890,46_1_0_20170109002625012.jpg.chip.jpg,1.0,0.0,0.0
891,26_1_2_20170116180131010.jpg.chip.jpg,1.0,1.0,1.0
892,25_1_1_20170112205157395.jpg.chip.jpg,1.0,1.0,1.0
893,28_1_1_20170117180712098.jpg.chip.jpg,1.0,1.0,1.0
894,33_1_0_20170103182231977.jpg.chip.jpg,1.0,1.0,0.0
895,68_1_1_20170116161411128.jpg.chip.jpg,1.0,1.0,1.0
896,29_1_4_20170113011257168.jpg.chip.jpg,1.0,1.0,1.0
897,7_1_4_20170103230718288.jpg.chip.jpg,1.0,1.0,1.0
898,24_1_2_20170116171158821.jpg.chip.jpg,1.0,1.0,1.0
899,49_1_1_20170113000544753.jpg.chip.jpg,1.0,1.0,1.0
900,26_1_3_20170119193127730.jpg.chip.jpg,1.0,1.0,1.0
901,5_1_0_20170109191949189.jpg.chip.jpg,1.0,1.0,0.0
902,6_1_2_20161219192033227.jpg.chip.jpg,1.0,1.0,1.0
903,26_1_1_20170112213102254.jpg.chip.jpg,1.0,1.0,1.0
904,26_1_2_20170116184447374.jpg.chip.jpg,1.0,1.0,1.0
905,80_1_0_20170110183129402.jpg.chip.jpg,1.0,1.0,0.0
906,27_1_0_20170117202230966.jpg.chip.jpg,1.0,1.0,0.0
907,1_1_3_20161220143111349.jpg.chip.jpg,1.0,0.0,1.0
908,84_1_2_20170120225608458.jpg.chip.jpg,1.0,1.0,1.0
909,21_1_1_20170112230510269.jpg.chip.jpg,1.0,1.0,1.0
910,29_1_1_20170116162458302.jpg.chip.jpg,1.0,1.0,1.0
911,27_1_4_20170103235051403.jpg.chip.jpg,1.0,1.0,1.0
912,20_1_3_20170104222029447.jpg.chip.jpg,1.0,1.0,1.0
913,1_1_2_20161219200539420.jpg.chip.jpg,1.0,1.0,1.0
914,33_1_0_20170117182546605.jpg.chip.jpg,1.0,1.0,0.0
915,20_1_1_20170112231449708.jpg.chip.jpg,1.0,1.0,1.0
916,69_1_0_20170110131736764.jpg.chip.jpg,1.0,1.0,0.0
917,19_1_0_20170109214615122.jpg.chip.jpg,1.0,1.0,0.0
918,25_1_0_20170117134403373.jpg.chip.jpg,1.0,1.0,0.0
919,27_1_2_20170116165642633.jpg.chip.jpg,1.0,1.0,1.0
920,60_1_0_20170110122425732.jpg.chip.jpg,1.0,1.0,0.0
921,15_1_0_20170109214319385.jpg.chip.jpg,1.0,1.0,0.0
922,26_1_3_20170119193137209.jpg.chip.jpg,1.0,1.0,1.0
923,84_1_0_20170110140658706.jpg.chip.jpg,1.0,1.0,0.0
924,27_1_0_20170117012350076.jpg.chip.jpg,1.0,1.0,0.0
925,66_1_0_20170105173707677.jpg.chip.jpg,1.0,1.0,0.0
926,38_1_0_20170103181104225.jpg.chip.jpg,1.0,1.0,0.0
927,1_1_0_20170109190936410.jpg.chip.jpg,1.0,0.0,0.0
928,26_1_4_20161221200012536.jpg.chip.jpg,1.0,1.0,1.0
929,32_1_0_20170117134815003.jpg.chip.jpg,1.0,1.0,0.0
930,26_1_3_20170117153624660.jpg.chip.jpg,1.0,1.0,1.0
931,35_1_2_20170116191715348.jpg.chip.jpg,1.0,1.0,1.0
932,18_1_0_20170109214248716.jpg.chip.jpg,1.0,1.0,0.0
933,24_1_1_20170113011408288.jpg.chip.jpg,1.0,1.0,1.0
934,30_1_0_20170117131121016.jpg.chip.jpg,1.0,1.0,0.0
935,1_1_2_20170109194007910.jpg.chip.jpg,1.0,1.0,1.0
936,39_1_3_20170104234551137.jpg.chip.jpg,1.0,0.0,1.0
937,26_1_3_20170119193120042.jpg.chip.jpg,1.0,1.0,1.0
938,27_1_1_20170117013838382.jpg.chip.jpg,1.0,1.0,1.0
939,35_1_0_20170117191616924.jpg.chip.jpg,1.0,0.0,0.0
940,8_1_3_20161220222531163.jpg.chip.jpg,1.0,1.0,1.0
941,26_1_3_20170117173846653.jpg.chip.jpg,1.0,1.0,1.0
942,40_1_1_20170113011948248.jpg.chip.jpg,1.0,1.0,1.0
943,24_1_2_20170116174421540.jpg.chip.jpg,1.0,1.0,1.0
944,31_1_1_20170117135704010.jpg.chip.jpg,1.0,1.0,1.0
945,52_1_1_20170113000523249.jpg.chip.jpg,1.0,1.0,1.0
946,13_1_4_20170103200733438.jpg.chip.jpg,1.0,1.0,1.0
947,24_1_3_20170104234737428.jpg.chip.jpg,1.0,1.0,1.0
948,73_1_0_20170110141108353.jpg.chip.jpg,1.0,1.0,0.0
949,23_1_1_20170114033629976.jpg.chip.jpg,1.0,1.0,1.0
950,21_1_0_20170117141834506.jpg.chip.jpg,1.0,1.0,0.0
951,29_1_1_20170117123750232.jpg.chip.jpg,1.0,1.0,1.0
952,26_1_3_20170104222627929.jpg.chip.jpg,1.0,1.0,1.0
953,24_1_3_20170117145441075.jpg.chip.jpg,1.0,1.0,1.0
954,26_1_0_20170104022111485.jpg.chip.jpg,1.0,1.0,0.0
955,25_1_1_20170116171043499.jpg.chip.jpg,1.0,1.0,1.0
956,22_1_4_20170103223419073.jpg.chip.jpg,1.0,1.0,1.0
957,52_1_0_20170110153002630.jpg.chip.jpg,1.0,1.0,0.0
958,32_1_3_20170104232241306.jpg.chip.jpg,1.0,1.0,1.0
959,4_1_0_20170109191155398.jpg.chip.jpg,1.0,1.0,0.0
960,31_1_1_20170116222926118.jpg.chip.jpg,1.0,1.0,1.0
961,24_1_0_20170117150740282.jpg.chip.jpg,1.0,1.0,0.0
962,6_1_0_20170109204539812.jpg.chip.jpg,1.0,1.0,0.0
963,26_1_3_20170119193144786.jpg.chip.jpg,1.0,1.0,1.0
964,26_1_0_20170117003247198.jpg.chip.jpg,1.0,1.0,0.0
965,22_1_3_20170104222152991.jpg.chip.jpg,1.0,1.0,1.0
966,26_1_0_20170119180130438.jpg.chip.jpg,1.0,1.0,0.0
967,15_1_0_20170109204314585.jpg.chip.jpg,1.0,1.0,0.0
968,57_1_3_20170109132601018.jpg.chip.jpg,1.0,1.0,1.0
969,26_1_0_20170117174305030.jpg.chip.jpg,1.0,1.0,0.0
970,54_1_0_20170110122231385.jpg.chip.jpg,1.0,1.0,0.0
971,34_1_1_20170117194352091.jpg.chip.jpg,1.0,0.0,1.0
972,32_1_1_20170117203619504.jpg.chip.jpg,1.0,1.0,1.0
973,22_1_0_20170117171049498.jpg.chip.jpg,1.0,1.0,0.0
974,24_1_1_20170115235935017.jpg.chip.jpg,1.0,1.0,1.0
975,29_1_3_20170104223010439.jpg.chip.jpg,1.0,1.0,1.0
976,49_1_1_20170104005312671.jpg.chip.jpg,1.0,1.0,1.0
977,11_1_4_20170103201747167.jpg.chip.jpg,1.0,1.0,1.0
978,85_1_3_20170110183438488.jpg.chip.jpg,1.0,1.0,1.0
979,56_1_0_20170110122646077.jpg.chip.jpg,1.0,1.0,0.0
980,21_1_2_20170116171706610.jpg.chip.jpg,1.0,0.0,1.0
981,93_1_0_20170120225304313.jpg.chip.jpg,1.0,1.0,0.0
982,39_1_0_20170103181831665.jpg.chip.jpg,1.0,1.0,0.0
983,26_1_2_20170116233134701.jpg.chip.jpg,1.0,1.0,1.0
984,26_1_4_20170103225054720.jpg.chip.jpg,1.0,1.0,1.0
985,30_1_0_20170117181548404.jpg.chip.jpg,1.0,1.0,0.0
986,10_1_1_20170117134313205.jpg.chip.jpg,1.0,1.0,1.0
987,65_1_0_20170110123555351.jpg.chip.jpg,1.0,1.0,0.0
988,26_1_0_20170117003243018.jpg.chip.jpg,1.0,1.0,0.0
989,9_1_3_20170104222949455.jpg.chip.jpg,1.0,1.0,1.0
990,105_1_1_20170112213303693.jpg.chip.jpg,1.0,0.0,1.0
991,16_1_2_20170109214153823.jpg.chip.jpg,1.0,1.0,1.0
992,24_1_0_20170116222827257.jpg.chip.jpg,1.0,1.0,0.0
993,14_1_0_20170109203405475.jpg.chip.jpg,1.0,0.0,0.0
994,14_1_3_20161220220655004.jpg.chip.jpg,1.0,1.0,1.0
995,48_1_3_20170119212118705.jpg.chip.jpg,1.0,1.0,1.0
996,35_1_1_20170112210403180.jpg.chip.jpg,1.0,1.0,1.0
997,36_1_1_20170117183237374.jpg.chip.jpg,1.0,1.0,1.0
998,30_1_3_20170104232539161.jpg.chip.jpg,1.0,1.0,1.0
999,1_1_3_20161220145230678.jpg.chip.jpg,1.0,1.0,1.0
1000,6_1_2_20161219201340515.jpg.chip.jpg,1.0,0.0,1.0
1001,3_1_0_20170109192003664.jpg.chip.jpg,1.0,1.0,0.0
1002,22_1_0_20170110173815028.jpg.chip.jpg,1.0,1.0,0.0
1003,17_1_0_20170104005759343.jpg.chip.jpg,1.0,0.0,0.0
1004,76_1_3_20170109150736001.jpg.chip.jpg,1.0,1.0,1.0
1005,32_1_3_20170119200442044.jpg.chip.jpg,1.0,1.0,1.0
1006,26_1_2_20170116184248819.jpg.chip.jpg,1.0,1.0,1.0
1007,28_1_1_20170117020452350.jpg.chip.jpg,1.0,1.0,1.0
1008,68_1_0_20170110125344328.jpg.chip.jpg,1.0,1.0,0.0
1009,32_1_1_20170116030150291.jpg.chip.jpg,1.0,1.0,1.0
1010,32_1_1_20170112215155305.jpg.chip.jpg,1.0,0.0,1.0
1011,40_1_0_20170105172407051.jpg.chip.jpg,1.0,1.0,0.0
1012,26_1_2_20170116184520573.jpg.chip.jpg,1.0,1.0,1.0
1013,56_1_2_20170104201008890.jpg.chip.jpg,1.0,1.0,1.0
1014,30_1_0_20170117204651319.jpg.chip.jpg,1.0,1.0,0.0
1015,23_1_4_20170117194315659.jpg.chip.jpg,1.0,1.0,1.0
1016,40_1_0_20170116222643228.jpg.chip.jpg,1.0,1.0,0.0
1017,32_1_1_20170112220401025.jpg.chip.jpg,1.0,1.0,1.0
1018,29_1_1_20170112204807283.jpg.chip.jpg,1.0,1.0,1.0
1019,26_1_1_20170113000509698.jpg.chip.jpg,1.0,1.0,1.0
1020,7_1_1_20170112211336710.jpg.chip.jpg,1.0,1.0,1.0
1021,35_1_2_20170116191706178.jpg.chip.jpg,1.0,1.0,1.0
1022,4_1_2_20161219140718600.jpg.chip.jpg,1.0,0.0,1.0
1023,26_1_3_20170119180813956.jpg.chip.jpg,1.0,1.0,1.0
1024,25_1_3_20170104222218775.jpg.chip.jpg,1.0,1.0,1.0
1025,20_1_4_20170104005353062.jpg.chip.jpg,1.0,1.0,1.0
1026,24_1_0_20170117150642259.jpg.chip.jpg,1.0,0.0,0.0
1027,26_1_3_20170119193147891.jpg.chip.jpg,1.0,1.0,1.0
1028,25_1_2_20170116170355441.jpg.chip.jpg,1.0,1.0,1.0
1029,25_1_0_20170117140853353.jpg.chip.jpg,1.0,1.0,0.0
1030,28_1_2_20170116192600926.jpg.chip.jpg,1.0,1.0,1.0
1031,24_1_0_20170105184011327.jpg.chip.jpg,1.0,1.0,0.0
1032,41_1_0_20170105001044524.jpg.chip.jpg,1.0,1.0,0.0
1033,84_1_0_20170109150838156.jpg.chip.jpg,1.0,0.0,0.0
1034,34_1_0_20170104022106301.jpg.chip.jpg,1.0,1.0,0.0
1035,26_1_4_20170103225204177.jpg.chip.jpg,1.0,1.0,1.0
1036,26_1_1_20170116222453317.jpg.chip.jpg,1.0,1.0,1.0
1037,4_1_2_20161219190751754.jpg.chip.jpg,1.0,1.0,1.0
1038,1_1_2_20161219142147841.jpg.chip.jpg,1.0,0.0,1.0
1039,21_1_3_20170104222105822.jpg.chip.jpg,1.0,1.0,1.0
1040,26_1_3_20170119192354858.jpg.chip.jpg,1.0,1.0,1.0
1041,6_1_4_20161223232159876.jpg.chip.jpg,1.0,1.0,1.0
1042,21_1_4_20170103223244111.jpg.chip.jpg,1.0,1.0,1.0
1043,22_1_0_20170109213850161.jpg.chip.jpg,1.0,1.0,0.0
1044,3_1_0_20161219154514612.jpg.chip.jpg,1.0,1.0,0.0
1045,26_1_1_20170113011613638.jpg.chip.jpg,1.0,0.0,1.0
1046,26_1_0_20170113210604325.jpg.chip.jpg,1.0,1.0,0.0
1047,27_1_1_20170103182202481.jpg.chip.jpg,1.0,1.0,1.0
1048,26_1_3_20170117154635126.jpg.chip.jpg,1.0,1.0,1.0
1049,23_1_0_20170103180451856.jpg.chip.jpg,1.0,1.0,0.0
1050,22_1_2_20170103212729188.jpg.chip.jpg,1.0,1.0,1.0
1051,37_1_0_20170105165040044.jpg.chip.jpg,1.0,1.0,0.0
1052,25_1_2_20170116174825431.jpg.chip.jpg,1.0,1.0,1.0
1053,12_1_0_20170109204428993.jpg.chip.jpg,1.0,1.0,0.0
1054,1_1_0_20170109190512041.jpg.chip.jpg,1.0,0.0,0.0
1055,22_1_4_20170104001853773.jpg.chip.jpg,1.0,1.0,1.0
1056,32_1_0_20170116214615260.jpg.chip.jpg,1.0,1.0,0.0
1057,42_1_0_20170113000148605.jpg.chip.jpg,1.0,0.0,0.0
1058,25_1_1_20170112235144082.jpg.chip.jpg,1.0,1.0,1.0
1059,27_1_3_20170117183509909.jpg.chip.jpg,1.0,1.0,1.0
1060,33_1_1_20170112210343452.jpg.chip.jpg,1.0,1.0,1.0
1061,32_1_0_20170117182456548.jpg.chip.jpg,1.0,1.0,0.0
1062,39_1_0_20170103181459801.jpg.chip.jpg,1.0,1.0,0.0
1063,40_1_0_20170117170612507.jpg.chip.jpg,1.0,1.0,0.0
1064,67_1_0_20170104170235233.jpg.chip.jpg,1.0,1.0,0.0
1065,37_1_0_20170109134008515.jpg.chip.jpg,1.0,1.0,0.0
1066,26_1_0_20170117152442875.jpg.chip.jpg,1.0,1.0,0.0
1067,31_1_3_20170119155508987.jpg.chip.jpg,1.0,1.0,1.0
1068,7_1_1_20170109193114418.jpg.chip.jpg,1.0,1.0,1.0
1069,26_1_1_20170116234800903.jpg.chip.jpg,1.0,1.0,1.0
1070,15_1_4_20170103233304142.jpg.chip.jpg,1.0,0.0,1.0
1071,31_1_1_20170103183224642.jpg.chip.jpg,1.0,1.0,1.0
1072,10_1_2_20170116175840105.jpg.chip.jpg,1.0,0.0,1.0
1073,26_1_2_20170116183016628.jpg.chip.jpg,1.0,1.0,1.0
1074,1_1_0_20161219204702517.jpg.chip.jpg,1.0,1.0,0.0
1075,34_1_0_20170120140756170.jpg.chip.jpg,1.0,1.0,0.0
1076,18_1_1_20170113002913732.jpg.chip.jpg,1.0,1.0,1.0
1077,60_1_0_20170104185020782.jpg.chip.jpg,1.0,0.0,0.0
1078,46_1_1_20170113011956753.jpg.chip.jpg,1.0,1.0,1.0
1079,38_1_0_20170111182452859.jpg.chip.jpg,1.0,1.0,0.0
1080,37_1_3_20170117183437046.jpg.chip.jpg,1.0,1.0,1.0
1081,33_1_2_20170104022951446.jpg.chip.jpg,1.0,1.0,1.0
1082,86_1_0_20170110183609068.jpg.chip.jpg,1.0,0.0,0.0
1083,1_0_2_20161219222046607.jpg.chip.jpg,0.0,0.0,1.0
1084,34_0_0_20170117134910165.jpg.chip.jpg,0.0,0.0,0.0
1085,34_0_0_20170117103412719.jpg.chip.jpg,0.0,0.0,0.0
1086,55_0_0_20170120223706509.jpg.chip.jpg,0.0,0.0,0.0
1087,63_0_3_20170105180931239.jpg.chip.jpg,0.0,0.0,1.0
1088,28_0_1_20170112211816014.jpg.chip.jpg,0.0,0.0,1.0
1089,1_0_0_20161219140623097.jpg.chip.jpg,0.0,0.0,0.0
1090,26_0_3_20170119192402842.jpg.chip.jpg,0.0,0.0,1.0
1091,41_0_2_20170116192512743.jpg.chip.jpg,0.0,1.0,1.0
1092,50_0_0_20170117190140770.jpg.chip.jpg,0.0,0.0,0.0
1093,25_0_1_20170117190559108.jpg.chip.jpg,0.0,0.0,1.0
1094,90_0_1_20170111223916765.jpg.chip.jpg,0.0,0.0,1.0
1095,52_0_3_20170104202143258.jpg.chip.jpg,0.0,0.0,1.0
1096,36_0_3_20170104204425324.jpg.chip.jpg,0.0,0.0,1.0
1097,29_0_1_20170113141748034.jpg.chip.jpg,0.0,0.0,1.0
1098,30_0_2_20170116180745378.jpg.chip.jpg,0.0,0.0,1.0
1099,7_0_0_20170110215711115.jpg.chip.jpg,0.0,1.0,0.0
1100,24_0_3_20170119160307619.jpg.chip.jpg,0.0,0.0,1.0
1101,73_0_1_20170117194956074.jpg.chip.jpg,0.0,0.0,1.0
1102,8_0_3_20170104230740713.jpg.chip.jpg,0.0,0.0,1.0
1103,16_0_0_20170110231759619.jpg.chip.jpg,0.0,0.0,0.0
1104,17_0_0_20170103201534007.jpg.chip.jpg,0.0,0.0,0.0
1105,43_0_0_20170120222356456.jpg.chip.jpg,0.0,0.0,0.0
1106,50_0_0_20170111203910911.jpg.chip.jpg,0.0,0.0,0.0
1107,27_0_1_20170117010716859.jpg.chip.jpg,0.0,0.0,1.0
1108,60_0_2_20170116182801456.jpg.chip.jpg,0.0,0.0,1.0
1109,30_0_0_20170120220636164.jpg.chip.jpg,0.0,0.0,0.0
1110,62_0_0_20170117192208082.jpg.chip.jpg,0.0,1.0,0.0
1111,28_0_0_20170117180609562.jpg.chip.jpg,0.0,0.0,0.0
1112,2_0_2_20161219195707820.jpg.chip.jpg,0.0,0.0,1.0
1113,31_0_2_20170116191320975.jpg.chip.jpg,0.0,0.0,1.0
1114,35_0_0_20170116174756926.jpg.chip.jpg,0.0,0.0,0.0
1115,31_0_4_20170116191637408.jpg.chip.jpg,0.0,0.0,1.0
1116,42_0_0_20170116193026833.jpg.chip.jpg,0.0,0.0,0.0
1117,22_0_0_20170112202935851.jpg.chip.jpg,0.0,0.0,0.0
1118,27_0_1_20170117010518799.jpg.chip.jpg,0.0,0.0,1.0
1119,8_0_0_20170104011915424.jpg.chip.jpg,0.0,0.0,0.0
1120,47_0_0_20170105173009578.jpg.chip.jpg,0.0,0.0,0.0
1121,70_0_0_20170117171634067.jpg.chip.jpg,0.0,0.0,0.0
1122,2_0_2_20161219151454787.jpg.chip.jpg,0.0,0.0,1.0
1123,50_0_3_20170104183620454.jpg.chip.jpg,0.0,0.0,1.0
1124,46_0_4_20170117171327063.jpg.chip.jpg,0.0,1.0,1.0
1125,86_0_0_20170112224722395.jpg.chip.jpg,0.0,0.0,0.0
1126,26_0_4_20170103235609892.jpg.chip.jpg,0.0,0.0,1.0
1127,37_0_0_20170116185003477.jpg.chip.jpg,0.0,0.0,0.0
1128,1_0_4_20170103210731970.jpg.chip.jpg,0.0,1.0,1.0
1129,1_0_0_20170110213508380.jpg.chip.jpg,0.0,0.0,0.0
1130,40_0_2_20170116181205807.jpg.chip.jpg,0.0,0.0,1.0
1131,22_0_1_20170113133332897.jpg.chip.jpg,0.0,0.0,1.0
1132,34_0_0_20170117182621262.jpg.chip.jpg,0.0,0.0,0.0
1133,70_0_3_20161220221943042.jpg.chip.jpg,0.0,0.0,1.0
1134,14_0_2_20170103201051263.jpg.chip.jpg,0.0,0.0,1.0
1135,3_0_0_20170110213436047.jpg.chip.jpg,0.0,1.0,0.0
1136,45_0_0_20170117180132412.jpg.chip.jpg,0.0,0.0,0.0
1137,56_0_1_20170113185207203.jpg.chip.jpg,0.0,0.0,1.0
1138,67_0_0_20170105172950852.jpg.chip.jpg,0.0,0.0,0.0
1139,26_0_0_20170117172431020.jpg.chip.jpg,0.0,0.0,0.0
1140,82_0_0_20170111210604164.jpg.chip.jpg,0.0,0.0,0.0
1141,68_0_0_20170109012554003.jpg.chip.jpg,0.0,0.0,0.0
1142,50_0_0_20170117172141491.jpg.chip.jpg,0.0,0.0,0.0
1143,16_0_0_20170110231221050.jpg.chip.jpg,0.0,0.0,0.0
1144,26_0_0_20170117172649700.jpg.chip.jpg,0.0,0.0,0.0
1145,43_0_0_20170117153817367.jpg.chip.jpg,0.0,0.0,0.0
1146,25_0_3_20170119150353974.jpg.chip.jpg,0.0,0.0,1.0
1147,8_0_0_20170110215640027.jpg.chip.jpg,0.0,0.0,0.0
1148,56_0_0_20170120222907250.jpg.chip.jpg,0.0,0.0,0.0
1149,1_0_0_20161219190621290.jpg.chip.jpg,0.0,0.0,0.0
1150,36_0_0_20170116002905632.jpg.chip.jpg,0.0,0.0,0.0
1151,50_0_0_20170116192846910.jpg.chip.jpg,0.0,0.0,0.0
1152,39_0_0_20170104174019973.jpg.chip.jpg,0.0,0.0,0.0
1153,35_0_4_20170104165959561.jpg.chip.jpg,0.0,0.0,1.0
1154,8_0_0_20170117175629731.jpg.chip.jpg,0.0,0.0,0.0
1155,2_0_0_20161219160615893.jpg.chip.jpg,0.0,1.0,0.0
1156,50_0_3_20170119183204846.jpg.chip.jpg,0.0,0.0,1.0
1157,60_0_3_20170119205502432.jpg.chip.jpg,0.0,0.0,1.0
1158,32_0_0_20170117133449025.jpg.chip.jpg,0.0,0.0,0.0
1159,30_0_1_20170116010647849.jpg.chip.jpg,0.0,0.0,1.0
1160,55_0_3_20170119203918423.jpg.chip.jpg,0.0,0.0,1.0
1161,22_0_3_20170119160301570.jpg.chip.jpg,0.0,0.0,1.0
1162,35_0_3_20170117181837205.jpg.chip.jpg,0.0,0.0,1.0
1163,29_0_1_20170116192214658.jpg.chip.jpg,0.0,0.0,1.0
1164,77_0_0_20170109015126245.jpg.chip.jpg,0.0,0.0,0.0
1165,54_0_2_20170116193316730.jpg.chip.jpg,0.0,0.0,1.0
1166,2_0_4_20161221192650388.jpg.chip.jpg,0.0,0.0,1.0
1167,23_0_1_20170117194052028.jpg.chip.jpg,0.0,0.0,1.0
1168,28_0_3_20170105175516710.jpg.chip.jpg,0.0,0.0,1.0
1169,40_0_0_20170117152411165.jpg.chip.jpg,0.0,0.0,0.0
1170,56_0_3_20170104232656954.jpg.chip.jpg,0.0,0.0,1.0
1171,63_0_0_20170120225708577.jpg.chip.jpg,0.0,0.0,0.0
1172,17_0_0_20170105183357879.jpg.chip.jpg,0.0,0.0,0.0
1173,71_0_0_20170111222535839.jpg.chip.jpg,0.0,0.0,0.0
1174,35_0_3_20170119201343148.jpg.chip.jpg,0.0,0.0,1.0
1175,8_0_0_20170110220350538.jpg.chip.jpg,0.0,1.0,0.0
1176,29_0_3_20170117180741530.jpg.chip.jpg,0.0,0.0,1.0
1177,28_0_3_20170119194512051.jpg.chip.jpg,0.0,0.0,1.0
1178,53_0_0_20170104212139332.jpg.chip.jpg,0.0,0.0,0.0
1179,10_0_0_20170110225451638.jpg.chip.jpg,0.0,0.0,0.0
1180,28_0_0_20170117021206167.jpg.chip.jpg,0.0,0.0,0.0
1181,1_0_0_20170109191440780.jpg.chip.jpg,0.0,1.0,0.0
1182,33_0_1_20170117190145954.jpg.chip.jpg,0.0,0.0,1.0
1183,60_0_0_20170117160451902.jpg.chip.jpg,0.0,0.0,0.0
1184,49_0_3_20170117130532515.jpg.chip.jpg,0.0,0.0,1.0
1185,1_0_2_20161219202906108.jpg.chip.jpg,0.0,0.0,1.0
1186,4_0_0_20170110212844605.jpg.chip.jpg,0.0,0.0,0.0
1187,26_0_1_20170116205647025.jpg.chip.jpg,0.0,0.0,1.0
1188,32_0_3_20170104204208194.jpg.chip.jpg,0.0,0.0,1.0
1189,54_0_0_20170117191339385.jpg.chip.jpg,0.0,0.0,0.0
1190,19_0_1_20170117193231107.jpg.chip.jpg,0.0,0.0,1.0
1191,50_0_0_20170120134101471.jpg.chip.jpg,0.0,0.0,0.0
1192,12_0_4_20170103200626630.jpg.chip.jpg,0.0,0.0,1.0
1193,65_0_2_20170112223941923.jpg.chip.jpg,0.0,0.0,1.0
1194,29_0_0_20170117121824742.jpg.chip.jpg,0.0,0.0,0.0
1195,43_0_0_20170104204257115.jpg.chip.jpg,0.0,0.0,0.0
1196,34_0_0_20170119200555732.jpg.chip.jpg,0.0,0.0,0.0
1197,26_0_1_20170113135416706.jpg.chip.jpg,0.0,0.0,1.0
1198,29_0_3_20170119195312395.jpg.chip.jpg,0.0,0.0,1.0
1199,29_0_1_20170116010112917.jpg.chip.jpg,0.0,0.0,1.0
1200,75_0_0_20170111201904798.jpg.chip.jpg,0.0,0.0,0.0
1201,38_0_3_20170119155935681.jpg.chip.jpg,0.0,0.0,1.0
1202,52_0_0_20170113181425181.jpg.chip.jpg,0.0,0.0,0.0
1203,34_0_4_20170105161411273.jpg.chip.jpg,0.0,0.0,1.0
1204,42_0_1_20170117171459684.jpg.chip.jpg,0.0,0.0,1.0
1205,26_0_1_20170116200714834.jpg.chip.jpg,0.0,0.0,1.0
1206,29_0_3_20170119195116490.jpg.chip.jpg,0.0,0.0,1.0
1207,57_0_3_20170119201739436.jpg.chip.jpg,0.0,0.0,1.0
1208,40_0_0_20170117090946200.jpg.chip.jpg,0.0,0.0,0.0
1209,53_0_0_20170111201131358.jpg.chip.jpg,0.0,0.0,0.0
1210,48_0_0_20170117003352809.jpg.chip.jpg,0.0,0.0,0.0
1211,58_0_1_20170113184850673.jpg.chip.jpg,0.0,0.0,1.0
1212,30_0_0_20170119145340944.jpg.chip.jpg,0.0,0.0,0.0
1213,35_0_1_20170117095820209.jpg.chip.jpg,0.0,0.0,1.0
1214,53_0_0_20170117163654249.jpg.chip.jpg,0.0,0.0,0.0
1215,56_0_0_20170113182426934.jpg.chip.jpg,0.0,0.0,0.0
1216,26_0_1_20170113151639816.jpg.chip.jpg,0.0,0.0,1.0
1217,26_0_3_20170119180508068.jpg.chip.jpg,0.0,0.0,1.0
1218,8_0_0_20170110220552025.jpg.chip.jpg,0.0,0.0,0.0
1219,18_0_0_20170117140123048.jpg.chip.jpg,0.0,0.0,0.0
1220,51_0_3_20170119205630063.jpg.chip.jpg,0.0,0.0,1.0
1221,27_0_2_20170119193331714.jpg.chip.jpg,0.0,0.0,1.0
1222,68_0_1_20170111194909799.jpg.chip.jpg,0.0,0.0,1.0
1223,40_0_3_20170117154542505.jpg.chip.jpg,0.0,0.0,1.0
1224,26_0_1_20170116030153348.jpg.chip.jpg,0.0,0.0,1.0
1225,40_0_1_20170113152055344.jpg.chip.jpg,0.0,0.0,1.0
1226,45_0_0_20170104205911974.jpg.chip.jpg,0.0,0.0,0.0
1227,44_0_1_20170117172018631.jpg.chip.jpg,0.0,0.0,1.0
1228,39_0_1_20170113151528768.jpg.chip.jpg,0.0,0.0,1.0
1229,32_0_1_20170116215755940.jpg.chip.jpg,0.0,0.0,1.0
1230,1_0_2_20170110213009014.jpg.chip.jpg,0.0,0.0,1.0
1231,35_0_0_20170117180401255.jpg.chip.jpg,0.0,0.0,0.0
1232,30_0_0_20170117180449799.jpg.chip.jpg,0.0,0.0,0.0
1233,62_0_1_20170111203832046.jpg.chip.jpg,0.0,0.0,1.0
1234,80_0_0_20170111223549819.jpg.chip.jpg,0.0,0.0,0.0
1235,35_0_0_20170119201458029.jpg.chip.jpg,0.0,0.0,0.0
1236,35_0_4_20170117121605150.jpg.chip.jpg,0.0,0.0,1.0
1237,22_0_3_20170117154523094.jpg.chip.jpg,0.0,0.0,1.0
1238,80_0_0_20170111205626183.jpg.chip.jpg,0.0,0.0,0.0
1239,1_0_2_20161219142409225.jpg.chip.jpg,0.0,0.0,1.0
1240,30_0_2_20170113132649300.jpg.chip.jpg,0.0,0.0,1.0
1241,28_0_1_20170113134755546.jpg.chip.jpg,0.0,0.0,1.0
1242,3_0_2_20161219141852353.jpg.chip.jpg,0.0,0.0,1.0
1243,45_0_1_20170113155252610.jpg.chip.jpg,0.0,0.0,1.0
1244,100_0_0_20170112215240346.jpg.chip.jpg,0.0,0.0,0.0
1245,32_0_1_20170113135328377.jpg.chip.jpg,0.0,0.0,1.0
1246,82_0_2_20170112205224683.jpg.chip.jpg,0.0,0.0,1.0
1247,28_0_1_20170117020025404.jpg.chip.jpg,0.0,0.0,1.0
1248,40_0_0_20170117154610956.jpg.chip.jpg,0.0,0.0,0.0
1249,68_0_2_20170116193700812.jpg.chip.jpg,0.0,0.0,1.0
1250,78_0_2_20170112205258396.jpg.chip.jpg,0.0,0.0,1.0
1251,25_0_0_20170117142048826.jpg.chip.jpg,0.0,0.0,0.0
1252,32_0_1_20170109003627385.jpg.chip.jpg,0.0,0.0,1.0
1253,30_0_3_20170117123905973.jpg.chip.jpg,0.0,0.0,1.0
1254,4_0_0_20170110224321631.jpg.chip.jpg,0.0,0.0,0.0
1255,2_0_2_20161219190009084.jpg.chip.jpg,0.0,0.0,1.0
1256,46_0_4_20170105162327242.jpg.chip.jpg,0.0,0.0,1.0
1257,42_0_3_20170119204237560.jpg.chip.jpg,0.0,0.0,1.0
1258,45_0_0_20170116232841111.jpg.chip.jpg,0.0,0.0,0.0
1259,29_0_1_20170116203358423.jpg.chip.jpg,0.0,0.0,1.0
1260,59_0_0_20170111203905144.jpg.chip.jpg,0.0,0.0,0.0
1261,26_0_0_20170113135451673.jpg.chip.jpg,0.0,0.0,0.0
1262,72_0_0_20170111210622013.jpg.chip.jpg,0.0,0.0,0.0
1263,26_0_0_20170117172153925.jpg.chip.jpg,0.0,0.0,0.0
1264,30_0_0_20170117190708466.jpg.chip.jpg,0.0,0.0,0.0
1265,75_0_0_20170117175212732.jpg.chip.jpg,0.0,0.0,0.0
1266,25_0_0_20170113210127389.jpg.chip.jpg,0.0,0.0,0.0
1267,56_0_3_20170119195816363.jpg.chip.jpg,0.0,0.0,1.0
1268,54_0_2_20170112221955514.jpg.chip.jpg,0.0,0.0,1.0
1269,27_0_1_20170116193905098.jpg.chip.jpg,0.0,0.0,1.0
1270,10_0_0_20170110220514186.jpg.chip.jpg,0.0,0.0,0.0
1271,47_0_0_20170117190246626.jpg.chip.jpg,0.0,1.0,0.0
1272,42_0_3_20170105175336870.jpg.chip.jpg,0.0,0.0,1.0
1273,54_0_0_20170117163720882.jpg.chip.jpg,0.0,0.0,0.0
1274,40_0_3_20170119210144247.jpg.chip.jpg,0.0,0.0,1.0
1275,39_0_0_20170117165645001.jpg.chip.jpg,0.0,0.0,0.0
1276,52_0_0_20170111171747390.jpg.chip.jpg,0.0,0.0,0.0
1277,35_0_2_20170116191853753.jpg.chip.jpg,0.0,0.0,1.0
1278,28_0_1_20170117021549834.jpg.chip.jpg,0.0,0.0,1.0
1279,37_0_1_20170117104624750.jpg.chip.jpg,0.0,0.0,1.0
1280,45_0_3_20170119181420596.jpg.chip.jpg,0.0,0.0,1.0
1281,1_0_0_20170110213104570.jpg.chip.jpg,0.0,0.0,0.0
1282,34_0_1_20170116003530809.jpg.chip.jpg,0.0,0.0,1.0
1283,36_0_1_20170113134421145.jpg.chip.jpg,0.0,0.0,1.0
1284,1_0_0_20170110213438385.jpg.chip.jpg,0.0,1.0,0.0
1285,32_0_1_20170113155159833.jpg.chip.jpg,0.0,0.0,1.0
1286,29_0_1_20170117103809403.jpg.chip.jpg,0.0,0.0,1.0
1287,35_0_0_20170105164824674.jpg.chip.jpg,0.0,0.0,0.0
1288,65_0_4_20170109005604594.jpg.chip.jpg,0.0,0.0,1.0
1289,56_0_0_20170111202409002.jpg.chip.jpg,0.0,0.0,0.0
1290,25_0_0_20170104004153743.jpg.chip.jpg,0.0,0.0,0.0
1291,35_0_2_20170116191142333.jpg.chip.jpg,0.0,0.0,1.0
1292,28_0_1_20170116215621993.jpg.chip.jpg,0.0,0.0,1.0
1293,88_0_1_20170116144533236.jpg.chip.jpg,0.0,1.0,1.0
1294,29_0_1_20170117104538522.jpg.chip.jpg,0.0,0.0,1.0
1295,27_0_1_20170117164420634.jpg.chip.jpg,0.0,0.0,1.0
1296,28_0_2_20170116191256645.jpg.chip.jpg,0.0,0.0,1.0
1297,30_0_0_20170117135548182.jpg.chip.jpg,0.0,0.0,0.0
1298,22_0_0_20170119150313790.jpg.chip.jpg,0.0,0.0,0.0
1299,1_0_0_20161219191041403.jpg.chip.jpg,0.0,0.0,0.0
1300,39_0_2_20170117154247371.jpg.chip.jpg,0.0,0.0,1.0
1301,25_0_3_20170117140649662.jpg.chip.jpg,0.0,0.0,1.0
1302,51_0_2_20170112202949866.jpg.chip.jpg,0.0,0.0,1.0
1303,25_0_0_20170117151851107.jpg.chip.jpg,0.0,0.0,0.0
1304,27_0_1_20170117013649763.jpg.chip.jpg,0.0,0.0,1.0
1305,70_0_0_20170111201407590.jpg.chip.jpg,0.0,0.0,0.0
1306,33_0_4_20170103235213148.jpg.chip.jpg,0.0,0.0,1.0
1307,28_0_0_20170120220120096.jpg.chip.jpg,0.0,0.0,0.0
1308,3_0_2_20161219204644036.jpg.chip.jpg,0.0,0.0,1.0
1309,22_0_0_20170114025946539.jpg.chip.jpg,0.0,0.0,0.0
1310,22_0_2_20170116165407686.jpg.chip.jpg,0.0,0.0,1.0
1311,51_0_0_20170111181750481.jpg.chip.jpg,0.0,0.0,0.0
1312,50_0_3_20170119205556344.jpg.chip.jpg,0.0,0.0,1.0
1313,46_0_3_20170119200749075.jpg.chip.jpg,0.0,0.0,1.0
1314,58_0_0_20170104002241806.jpg.chip.jpg,0.0,0.0,0.0
1315,60_0_0_20170111171747538.jpg.chip.jpg,0.0,0.0,0.0
1316,25_0_3_20170117135144679.jpg.chip.jpg,0.0,0.0,1.0
1317,26_0_2_20170104015801932.jpg.chip.jpg,0.0,0.0,1.0
1318,40_0_0_20170117170807947.jpg.chip.jpg,0.0,0.0,0.0
1319,58_0_3_20170119211627367.jpg.chip.jpg,0.0,0.0,1.0
1320,50_0_1_20170117173743345.jpg.chip.jpg,0.0,0.0,1.0
1321,58_0_0_20170111171747501.jpg.chip.jpg,0.0,0.0,0.0
1322,60_0_0_20170104170240505.jpg.chip.jpg,0.0,0.0,0.0
1323,85_0_0_20170111210559755.jpg.chip.jpg,0.0,0.0,0.0
1324,41_0_0_20170117185340114.jpg.chip.jpg,0.0,0.0,0.0
1325,29_0_3_20170119195115853.jpg.chip.jpg,0.0,0.0,1.0
1326,1_0_2_20161219194716652.jpg.chip.jpg,0.0,0.0,1.0
1327,35_0_0_20170117120948071.jpg.chip.jpg,0.0,0.0,0.0
1328,23_0_0_20170117144620972.jpg.chip.jpg,0.0,0.0,0.0
1329,32_0_3_20170119162959965.jpg.chip.jpg,0.0,0.0,1.0
1330,20_0_1_20170112191235269.jpg.chip.jpg,0.0,1.0,1.0
1331,51_0_3_20170119200305083.jpg.chip.jpg,0.0,0.0,1.0
1332,1_0_4_20161221202848809.jpg.chip.jpg,0.0,0.0,1.0
1333,61_0_3_20170109150814971.jpg.chip.jpg,0.0,0.0,1.0
1334,66_0_0_20170117175358556.jpg.chip.jpg,0.0,0.0,0.0
1335,25_0_0_20170117195255340.jpg.chip.jpg,0.0,0.0,0.0
1336,42_0_0_20170109003533896.jpg.chip.jpg,0.0,0.0,0.0
1337,4_0_2_20161219160939189.jpg.chip.jpg,0.0,0.0,1.0
1338,35_0_0_20170119200935316.jpg.chip.jpg,0.0,0.0,0.0
1339,23_0_0_20170117144555155.jpg.chip.jpg,0.0,0.0,0.0
1340,27_0_3_20170119194326882.jpg.chip.jpg,0.0,0.0,1.0
1341,25_0_1_20170113151354352.jpg.chip.jpg,0.0,0.0,1.0
1342,23_0_2_20170116172912257.jpg.chip.jpg,0.0,0.0,1.0
1343,50_0_1_20170113142149603.jpg.chip.jpg,0.0,0.0,1.0
1344,45_0_3_20170119171853186.jpg.chip.jpg,0.0,0.0,1.0
1345,57_0_0_20170120223918152.jpg.chip.jpg,0.0,0.0,0.0
1346,38_0_3_20170119144055864.jpg.chip.jpg,0.0,0.0,1.0
1347,37_0_0_20170104205841436.jpg.chip.jpg,0.0,0.0,0.0
1348,49_0_3_20170109141453135.jpg.chip.jpg,0.0,0.0,1.0
1349,42_0_1_20170116193736397.jpg.chip.jpg,0.0,0.0,1.0
1350,70_0_0_20170117171248579.jpg.chip.jpg,0.0,0.0,0.0
1351,54_0_0_20170117191323482.jpg.chip.jpg,0.0,0.0,0.0
1352,70_0_2_20161219160529735.jpg.chip.jpg,0.0,0.0,1.0
1353,25_0_1_20170113145218790.jpg.chip.jpg,0.0,0.0,1.0
1354,36_0_3_20170119150712949.jpg.chip.jpg,0.0,0.0,1.0
1355,51_0_0_20170120134243735.jpg.chip.jpg,0.0,0.0,0.0
1356,28_0_3_20170117180213062.jpg.chip.jpg,0.0,0.0,1.0
1357,1_0_2_20161219161944926.jpg.chip.jpg,0.0,0.0,1.0
1358,26_0_3_20170119180419195.jpg.chip.jpg,0.0,0.0,1.0
1359,82_0_2_20170112224626730.jpg.chip.jpg,0.0,0.0,1.0
1360,8_0_0_20170110220309370.jpg.chip.jpg,0.0,1.0,0.0
1361,23_0_1_20170113133833362.jpg.chip.jpg,0.0,0.0,1.0
1362,46_0_4_20170104202042473.jpg.chip.jpg,0.0,0.0,1.0
1363,25_0_0_20170116212019911.jpg.chip.jpg,0.0,0.0,0.0
1364,45_0_0_20170117180150486.jpg.chip.jpg,0.0,0.0,0.0
1365,75_0_0_20170117174632541.jpg.chip.jpg,0.0,0.0,0.0
1366,23_0_0_20170104004012222.jpg.chip.jpg,0.0,1.0,0.0
1367,59_0_0_20170111195403793.jpg.chip.jpg,0.0,0.0,0.0
1368,30_0_1_20170116002938608.jpg.chip.jpg,0.0,0.0,1.0
1369,40_0_0_20170117142017783.jpg.chip.jpg,0.0,0.0,0.0
1370,48_0_0_20170104210544269.jpg.chip.jpg,0.0,0.0,0.0
1371,22_0_1_20170114033114683.jpg.chip.jpg,0.0,0.0,1.0
1372,18_0_0_20170110231845000.jpg.chip.jpg,0.0,0.0,0.0
1373,29_0_0_20170103182333545.jpg.chip.jpg,0.0,0.0,0.0
1374,57_0_0_20170117172537601.jpg.chip.jpg,0.0,0.0,0.0
1375,35_0_0_20170117114924356.jpg.chip.jpg,0.0,0.0,0.0
1376,62_0_0_20170104172620514.jpg.chip.jpg,0.0,0.0,0.0
1377,30_0_3_20170119164115989.jpg.chip.jpg,0.0,0.0,1.0
1378,65_0_1_20170120222944643.jpg.chip.jpg,0.0,0.0,1.0
1379,1_0_0_20170110213448015.jpg.chip.jpg,0.0,1.0,0.0
1380,58_0_0_20170109015153214.jpg.chip.jpg,0.0,0.0,0.0
1381,72_0_0_20170112205248988.jpg.chip.jpg,0.0,0.0,0.0
1382,52_0_3_20170104220841902.jpg.chip.jpg,0.0,0.0,1.0
1383,34_0_3_20170119200559340.jpg.chip.jpg,0.0,0.0,1.0
1384,45_0_2_20170119184048431.jpg.chip.jpg,0.0,0.0,1.0
1385,10_0_3_20161220215952636.jpg.chip.jpg,0.0,1.0,1.0
1386,54_0_0_20170119201455775.jpg.chip.jpg,0.0,0.0,0.0
1387,61_0_1_20170117193626228.jpg.chip.jpg,0.0,0.0,1.0
1388,14_0_0_20170116222402683.jpg.chip.jpg,0.0,0.0,0.0
1389,73_0_0_20170120230233019.jpg.chip.jpg,0.0,0.0,0.0
1390,38_0_2_20170116232740686.jpg.chip.jpg,0.0,0.0,1.0
1391,45_0_0_20170104184307637.jpg.chip.jpg,0.0,0.0,0.0
1392,27_0_2_20170116174628743.jpg.chip.jpg,0.0,0.0,1.0
1393,41_0_1_20170113151532863.jpg.chip.jpg,0.0,0.0,1.0
1394,1_0_2_20161219155655085.jpg.chip.jpg,0.0,0.0,1.0
1395,31_0_1_20170116191341541.jpg.chip.jpg,0.0,0.0,1.0
1396,27_0_3_20170119152415944.jpg.chip.jpg,0.0,0.0,1.0
1397,30_0_0_20170120134248646.jpg.chip.jpg,0.0,0.0,0.0
1398,32_0_2_20170116162354491.jpg.chip.jpg,0.0,0.0,1.0
1399,41_0_1_20170117185928397.jpg.chip.jpg,0.0,0.0,1.0
1400,48_0_0_20170116222136433.jpg.chip.jpg,0.0,0.0,0.0
1401,49_0_4_20170104205507484.jpg.chip.jpg,0.0,0.0,1.0
1402,3_0_2_20170110212616630.jpg.chip.jpg,0.0,0.0,1.0
1403,54_0_0_20170116171216593.jpg.chip.jpg,0.0,0.0,0.0
1404,23_0_1_20170117194105675.jpg.chip.jpg,0.0,1.0,1.0
1405,58_0_0_20170117191805986.jpg.chip.jpg,0.0,0.0,0.0
1406,55_0_0_20170113184515608.jpg.chip.jpg,0.0,0.0,0.0
1407,25_0_0_20170119145504925.jpg.chip.jpg,0.0,0.0,0.0
1408,37_0_0_20170109010719371.jpg.chip.jpg,0.0,0.0,0.0
1409,50_0_0_20170117135317385.jpg.chip.jpg,0.0,0.0,0.0
1410,10_0_0_20170110220251986.jpg.chip.jpg,0.0,1.0,0.0
1411,28_0_3_20170119194936611.jpg.chip.jpg,0.0,0.0,1.0
1412,40_0_0_20170104181301060.jpg.chip.jpg,0.0,0.0,0.0
1413,1_0_3_20161219225648120.jpg.chip.jpg,0.0,0.0,1.0
1414,1_0_2_20161219162212662.jpg.chip.jpg,0.0,1.0,1.0
1415,28_0_4_20170109140345949.jpg.chip.jpg,0.0,0.0,1.0
1416,30_0_1_20170117202910591.jpg.chip.jpg,0.0,0.0,1.0
1417,24_0_1_20170116010734667.jpg.chip.jpg,0.0,0.0,1.0
1418,73_0_2_20170112224711435.jpg.chip.jpg,0.0,0.0,1.0
1419,27_0_0_20170119145326086.jpg.chip.jpg,0.0,0.0,0.0
1420,26_0_3_20170104230403674.jpg.chip.jpg,0.0,0.0,1.0
1421,16_0_0_20170110232217844.jpg.chip.jpg,0.0,0.0,0.0
1422,28_0_1_20170113151917402.jpg.chip.jpg,0.0,0.0,1.0
1423,27_0_4_20170117012822305.jpg.chip.jpg,0.0,0.0,1.0
1424,59_0_0_20170111171747514.jpg.chip.jpg,0.0,0.0,0.0
1425,54_0_0_20170117155530206.jpg.chip.jpg,0.0,0.0,0.0
1426,44_0_3_20170119195216221.jpg.chip.jpg,0.0,0.0,1.0
1427,45_0_3_20170119202720533.jpg.chip.jpg,0.0,0.0,1.0
1428,55_0_0_20170111203845708.jpg.chip.jpg,0.0,0.0,0.0
1429,56_0_3_20170119183551541.jpg.chip.jpg,0.0,0.0,1.0
1430,26_0_1_20170116025854980.jpg.chip.jpg,0.0,0.0,1.0
1431,35_0_0_20170117144017811.jpg.chip.jpg,0.0,0.0,0.0
1432,69_0_0_20170104213620014.jpg.chip.jpg,0.0,0.0,0.0
1433,16_0_0_20170110231909175.jpg.chip.jpg,0.0,0.0,0.0
1434,27_0_4_20170104194349352.jpg.chip.jpg,0.0,0.0,1.0
1435,30_0_0_20170117181257163.jpg.chip.jpg,0.0,0.0,0.0
1436,34_0_0_20170117141607879.jpg.chip.jpg,0.0,0.0,0.0
1437,28_0_2_20170116162829960.jpg.chip.jpg,0.0,0.0,1.0
1438,1_0_0_20170109192948605.jpg.chip.jpg,0.0,0.0,0.0
1439,61_0_3_20170119211852753.jpg.chip.jpg,0.0,0.0,1.0
1440,38_0_0_20170117130715035.jpg.chip.jpg,0.0,0.0,0.0
1441,61_0_1_20170113174123835.jpg.chip.jpg,0.0,0.0,1.0
1442,32_0_1_20170114032927412.jpg.chip.jpg,0.0,0.0,1.0
1443,35_0_0_20170119200947460.jpg.chip.jpg,0.0,0.0,0.0
1444,47_0_2_20170104211734268.jpg.chip.jpg,0.0,0.0,1.0
1445,43_0_0_20170112220318448.jpg.chip.jpg,0.0,0.0,0.0
1446,49_0_0_20170104185744454.jpg.chip.jpg,0.0,0.0,0.0
1447,27_0_1_20170116024006905.jpg.chip.jpg,0.0,0.0,1.0
1448,32_0_0_20170117154734499.jpg.chip.jpg,0.0,0.0,0.0
1449,27_0_0_20170116205604495.jpg.chip.jpg,0.0,0.0,0.0
1450,50_0_3_20170104220753655.jpg.chip.jpg,0.0,0.0,1.0
1451,60_0_0_20170117163630971.jpg.chip.jpg,0.0,0.0,0.0
1452,86_0_1_20170120230044602.jpg.chip.jpg,0.0,0.0,1.0
1453,21_0_3_20170119154213179.jpg.chip.jpg,0.0,0.0,1.0
1454,36_0_0_20170104181520477.jpg.chip.jpg,0.0,0.0,0.0
1455,50_0_0_20170104212142572.jpg.chip.jpg,0.0,0.0,0.0
1456,27_0_4_20170103235409988.jpg.chip.jpg,0.0,0.0,1.0
1457,20_0_1_20170113132756615.jpg.chip.jpg,0.0,0.0,1.0
1458,35_0_2_20170116182409965.jpg.chip.jpg,0.0,0.0,1.0
1459,55_0_0_20170120222359871.jpg.chip.jpg,0.0,0.0,0.0
1460,1_0_2_20161219222549447.jpg.chip.jpg,0.0,0.0,1.0
1461,62_0_3_20170104220837477.jpg.chip.jpg,0.0,0.0,1.0
1462,30_0_0_20170104000150443.jpg.chip.jpg,0.0,0.0,0.0
1463,26_0_3_20170104214719799.jpg.chip.jpg,0.0,0.0,1.0
1464,1_0_3_20161220220355890.jpg.chip.jpg,0.0,0.0,1.0
1465,47_0_0_20170117171447454.jpg.chip.jpg,0.0,0.0,0.0
1466,25_0_0_20170104011143168.jpg.chip.jpg,0.0,0.0,0.0
1467,42_0_3_20170113142222564.jpg.chip.jpg,0.0,0.0,1.0
1468,18_0_0_20170110232054251.jpg.chip.jpg,0.0,1.0,0.0
1469,26_0_1_20170113152734393.jpg.chip.jpg,0.0,0.0,1.0
1470,7_0_0_20170110225021990.jpg.chip.jpg,0.0,0.0,0.0
1471,29_0_1_20170117184719100.jpg.chip.jpg,0.0,0.0,1.0
1472,35_0_0_20170116222140420.jpg.chip.jpg,0.0,0.0,0.0
1473,32_0_3_20170119200337060.jpg.chip.jpg,0.0,0.0,1.0
1474,81_0_0_20170117091321806.jpg.chip.jpg,0.0,0.0,0.0
1475,16_0_0_20170110231517869.jpg.chip.jpg,0.0,0.0,0.0
1476,41_0_3_20170119171541497.jpg.chip.jpg,0.0,0.0,1.0
1477,48_0_1_20170113142055436.jpg.chip.jpg,0.0,0.0,1.0
1478,74_0_0_20170111222650857.jpg.chip.jpg,0.0,0.0,0.0
1479,75_0_2_20170112205312755.jpg.chip.jpg,0.0,0.0,1.0
1480,21_0_1_20170116214205175.jpg.chip.jpg,0.0,0.0,1.0
1481,34_0_1_20170113142048204.jpg.chip.jpg,0.0,0.0,1.0
1482,35_0_1_20170113185501169.jpg.chip.jpg,0.0,0.0,1.0
1483,18_0_0_20170110223927225.jpg.chip.jpg,0.0,0.0,0.0
1484,2_0_2_20170110212538628.jpg.chip.jpg,0.0,0.0,1.0
1485,54_0_0_20170117171225124.jpg.chip.jpg,0.0,0.0,0.0
1486,60_0_0_20170120223345579.jpg.chip.jpg,0.0,0.0,0.0
1487,28_0_0_20170116212102377.jpg.chip.jpg,0.0,0.0,0.0
1488,73_0_0_20170117204851351.jpg.chip.jpg,0.0,0.0,0.0
1489,24_0_1_20170116000614713.jpg.chip.jpg,0.0,0.0,1.0
1490,26_0_1_20170103180959080.jpg.chip.jpg,0.0,0.0,1.0
1491,44_0_3_20170119165428991.jpg.chip.jpg,0.0,0.0,1.0
1492,40_0_0_20170117152243349.jpg.chip.jpg,0.0,0.0,0.0
1493,1_0_3_20161219225654600.jpg.chip.jpg,0.0,0.0,1.0
1494,40_0_0_20170117172519480.jpg.chip.jpg,0.0,0.0,0.0
1495,9_0_0_20170110220241330.jpg.chip.jpg,0.0,0.0,0.0
1496,51_0_0_20170120222842138.jpg.chip.jpg,0.0,0.0,0.0
1497,34_0_0_20170117134853215.jpg.chip.jpg,0.0,0.0,0.0
1498,75_0_0_20170111204855557.jpg.chip.jpg,0.0,0.0,0.0
1499,12_0_4_20170103200908168.jpg.chip.jpg,0.0,1.0,1.0
1500,13_0_0_20170110232526929.jpg.chip.jpg,0.0,0.0,0.0
1501,25_0_2_20170116175216129.jpg.chip.jpg,0.0,0.0,1.0
1502,28_0_1_20170116024731879.jpg.chip.jpg,0.0,0.0,1.0
1503,60_0_3_20170119201822925.jpg.chip.jpg,0.0,0.0,1.0
1504,54_0_0_20170109010246118.jpg.chip.jpg,0.0,0.0,0.0
1505,26_0_2_20161219191301043.jpg.chip.jpg,0.0,0.0,1.0
1506,65_0_0_20170111195412945.jpg.chip.jpg,0.0,0.0,0.0
1507,40_0_0_20170116232927836.jpg.chip.jpg,0.0,0.0,0.0
1508,28_0_3_20170119194456586.jpg.chip.jpg,0.0,0.0,1.0
1509,8_0_3_20170104225706490.jpg.chip.jpg,0.0,1.0,1.0
1510,30_0_2_20170116170814123.jpg.chip.jpg,0.0,0.0,1.0
1511,24_0_2_20161219192221394.jpg.chip.jpg,0.0,0.0,1.0
1512,16_0_0_20170120133327900.jpg.chip.jpg,0.0,0.0,0.0
1513,32_0_3_20170117154217366.jpg.chip.jpg,0.0,0.0,1.0
1514,47_0_0_20170113210126541.jpg.chip.jpg,0.0,0.0,0.0
1515,60_0_2_20170116192532074.jpg.chip.jpg,0.0,0.0,1.0
1516,48_0_3_20170119200357284.jpg.chip.jpg,0.0,0.0,1.0
1517,28_0_1_20170113142405196.jpg.chip.jpg,0.0,0.0,1.0
1518,2_0_0_20161219163848775.jpg.chip.jpg,0.0,1.0,0.0
1519,85_0_1_20170117194436106.jpg.chip.jpg,0.0,0.0,1.0
1520,78_0_2_20170112222034500.jpg.chip.jpg,0.0,0.0,1.0
1521,40_0_1_20170117194506722.jpg.chip.jpg,0.0,0.0,1.0
1522,21_0_3_20170119154249810.jpg.chip.jpg,0.0,0.0,1.0
1523,38_0_2_20170104204240163.jpg.chip.jpg,0.0,0.0,1.0
1524,40_0_1_20170117185317784.jpg.chip.jpg,0.0,0.0,1.0
1525,1_0_2_20161219160747326.jpg.chip.jpg,0.0,1.0,1.0
1526,40_0_1_20170113190544049.jpg.chip.jpg,0.0,0.0,1.0
1527,56_0_0_20170104184930061.jpg.chip.jpg,0.0,0.0,0.0
1528,70_0_0_20170117190327764.jpg.chip.jpg,0.0,0.0,0.0
1529,57_0_1_20170117141704960.jpg.chip.jpg,0.0,1.0,1.0
1530,1_0_2_20161219140540938.jpg.chip.jpg,0.0,1.0,1.0
1531,37_0_0_20170117140324990.jpg.chip.jpg,0.0,0.0,0.0
1532,28_0_3_20170119194426537.jpg.chip.jpg,0.0,0.0,1.0
1533,34_0_0_20170117134906182.jpg.chip.jpg,0.0,0.0,0.0
1534,27_0_2_20170116165457643.jpg.chip.jpg,0.0,0.0,1.0
1535,42_0_3_20170119155807051.jpg.chip.jpg,0.0,0.0,1.0
1536,35_0_0_20170117104544995.jpg.chip.jpg,0.0,0.0,0.0
1537,12_0_4_20170103201824880.jpg.chip.jpg,0.0,0.0,1.0
1538,40_0_0_20170104170248249.jpg.chip.jpg,0.0,0.0,0.0
1539,45_0_0_20170119201904027.jpg.chip.jpg,0.0,0.0,0.0
1540,26_0_1_20170116185229362.jpg.chip.jpg,0.0,0.0,1.0
1541,9_0_0_20170110220153114.jpg.chip.jpg,0.0,1.0,0.0
1542,24_0_2_20170116163850936.jpg.chip.jpg,0.0,0.0,1.0
1543,30_0_0_20170104201747498.jpg.chip.jpg,0.0,0.0,0.0
1544,28_0_0_20170117142910226.jpg.chip.jpg,0.0,0.0,0.0
1545,30_0_1_20170113190459754.jpg.chip.jpg,0.0,0.0,1.0
1546,50_0_3_20170119205102983.jpg.chip.jpg,0.0,0.0,1.0
1547,35_0_4_20170117132531670.jpg.chip.jpg,0.0,0.0,1.0
1548,45_0_4_20170104200726522.jpg.chip.jpg,0.0,0.0,1.0
1549,26_0_0_20170104194358449.jpg.chip.jpg,0.0,0.0,0.0
1550,13_0_0_20170110225307195.jpg.chip.jpg,0.0,1.0,0.0
1551,36_0_1_20170113161345795.jpg.chip.jpg,0.0,0.0,1.0
1552,58_0_3_20170119211718370.jpg.chip.jpg,0.0,0.0,1.0
1553,28_0_3_20170119194919803.jpg.chip.jpg,0.0,0.0,1.0
1554,29_0_1_20170116210509902.jpg.chip.jpg,0.0,0.0,1.0
1555,38_0_0_20170116214350647.jpg.chip.jpg,0.0,0.0,0.0
1556,27_0_1_20170117194133909.jpg.chip.jpg,0.0,0.0,1.0
1557,68_0_0_20170111204848471.jpg.chip.jpg,0.0,0.0,0.0
1558,56_0_3_20170119180848388.jpg.chip.jpg,0.0,0.0,1.0
1559,35_0_2_20170116181159415.jpg.chip.jpg,0.0,0.0,1.0
1560,75_0_0_20170111203916648.jpg.chip.jpg,0.0,0.0,0.0
1561,4_0_4_20161221193320742.jpg.chip.jpg,0.0,0.0,1.0
1562,8_0_2_20161219162204262.jpg.chip.jpg,0.0,0.0,1.0
1563,1_0_2_20161219185955277.jpg.chip.jpg,0.0,0.0,1.0
1564,11_0_1_20170103201136230.jpg.chip.jpg,0.0,0.0,1.0
1565,35_0_4_20170116191747403.jpg.chip.jpg,0.0,0.0,1.0
1566,40_0_0_20170104205324669.jpg.chip.jpg,0.0,0.0,0.0
1567,72_0_2_20170112205233684.jpg.chip.jpg,0.0,0.0,1.0
1568,26_0_1_20170113152847713.jpg.chip.jpg,0.0,0.0,1.0
1569,26_0_1_20170113135559835.jpg.chip.jpg,0.0,0.0,1.0
1570,38_0_1_20170117184650128.jpg.chip.jpg,0.0,0.0,1.0
1571,55_0_3_20170119211431441.jpg.chip.jpg,0.0,0.0,1.0
1572,36_0_0_20170117183142678.jpg.chip.jpg,0.0,0.0,0.0
1573,36_0_1_20170117170408725.jpg.chip.jpg,0.0,0.0,1.0
1574,35_0_3_20170109132951262.jpg.chip.jpg,0.0,0.0,1.0
1575,3_0_3_20161219230515152.jpg.chip.jpg,0.0,1.0,1.0
1576,55_0_0_20170111201201679.jpg.chip.jpg,0.0,0.0,0.0
1577,16_0_0_20170110232245640.jpg.chip.jpg,0.0,0.0,0.0
1578,8_0_0_20170110222913531.jpg.chip.jpg,0.0,0.0,0.0
1579,26_0_4_20170116192438997.jpg.chip.jpg,0.0,0.0,1.0
1580,45_0_1_20170113154750024.jpg.chip.jpg,0.0,0.0,1.0
1581,3_0_4_20161221193406126.jpg.chip.jpg,0.0,0.0,1.0
1582,53_0_0_20170111205031079.jpg.chip.jpg,0.0,0.0,0.0
1583,22_0_4_20170117193912061.jpg.chip.jpg,0.0,0.0,1.0
1584,3_0_2_20161219160753533.jpg.chip.jpg,0.0,0.0,1.0
1585,36_0_0_20170104170039505.jpg.chip.jpg,0.0,0.0,0.0
1586,22_0_0_20170104214301269.jpg.chip.jpg,0.0,0.0,0.0
1587,50_0_2_20170119205049471.jpg.chip.jpg,0.0,0.0,1.0
1588,35_0_3_20170119201338805.jpg.chip.jpg,0.0,0.0,1.0
1589,78_0_0_20170111222508641.jpg.chip.jpg,0.0,0.0,0.0
1590,25_0_2_20170117140102359.jpg.chip.jpg,0.0,1.0,1.0
1591,58_0_2_20170112205513042.jpg.chip.jpg,0.0,0.0,1.0
1592,40_0_0_20170120221448239.jpg.chip.jpg,0.0,0.0,0.0
1593,58_0_0_20170113210319952.jpg.chip.jpg,0.0,0.0,0.0
1594,30_0_2_20170119204746406.jpg.chip.jpg,0.0,0.0,1.0
1595,10_0_0_20170110225442428.jpg.chip.jpg,0.0,0.0,0.0
1596,35_0_1_20170113173610826.jpg.chip.jpg,0.0,0.0,1.0
1597,58_0_0_20170120224028072.jpg.chip.jpg,0.0,0.0,0.0
1598,2_0_0_20170110213128362.jpg.chip.jpg,0.0,0.0,0.0
1599,54_0_3_20170111202045698.jpg.chip.jpg,0.0,0.0,1.0
1600,30_0_0_20170105170132300.jpg.chip.jpg,0.0,0.0,0.0
1601,35_0_4_20170117194507893.jpg.chip.jpg,0.0,0.0,1.0
1602,23_0_2_20170116221013973.jpg.chip.jpg,0.0,0.0,1.0
1603,78_0_0_20170111222257902.jpg.chip.jpg,0.0,0.0,0.0
1604,26_0_1_20170104230506569.jpg.chip.jpg,0.0,0.0,1.0
1605,34_0_2_20170116191649461.jpg.chip.jpg,0.0,0.0,1.0
1606,34_0_2_20170119165408941.jpg.chip.jpg,0.0,0.0,1.0
1607,26_0_3_20170119183101318.jpg.chip.jpg,0.0,0.0,1.0
1608,85_0_0_20170110181953748.jpg.chip.jpg,0.0,0.0,0.0
1609,26_0_2_20170116180716055.jpg.chip.jpg,0.0,0.0,1.0
1610,26_0_2_20170116175904702.jpg.chip.jpg,0.0,1.0,1.0
1611,54_0_0_20170104212608413.jpg.chip.jpg,0.0,0.0,0.0
1612,55_0_0_20170120222438720.jpg.chip.jpg,0.0,0.0,0.0
1613,46_0_0_20170104203049435.jpg.chip.jpg,0.0,0.0,0.0
1614,65_0_0_20170104213544876.jpg.chip.jpg,0.0,0.0,0.0
1615,28_0_1_20170113134134481.jpg.chip.jpg,0.0,0.0,1.0
1616,74_0_2_20170105174417462.jpg.chip.jpg,0.0,0.0,1.0
1617,40_0_0_20170116221116416.jpg.chip.jpg,0.0,0.0,0.0
1618,24_0_3_20170117150546627.jpg.chip.jpg,0.0,0.0,1.0
1619,52_0_3_20170119205639336.jpg.chip.jpg,0.0,0.0,1.0
1620,57_0_0_20170116214453175.jpg.chip.jpg,0.0,0.0,0.0
1621,32_0_3_20170119200351460.jpg.chip.jpg,0.0,0.0,1.0
1622,22_0_0_20170104003957078.jpg.chip.jpg,0.0,0.0,0.0
1623,19_0_1_20170113132632417.jpg.chip.jpg,0.0,0.0,1.0
1624,36_0_1_20170117194044752.jpg.chip.jpg,0.0,0.0,1.0
1625,41_0_3_20170109140906863.jpg.chip.jpg,0.0,0.0,1.0
1626,76_0_2_20170112205407108.jpg.chip.jpg,0.0,0.0,1.0
1627,32_0_0_20170117123730435.jpg.chip.jpg,0.0,0.0,0.0
1628,19_0_2_20170104020121132.jpg.chip.jpg,0.0,1.0,1.0
1629,25_0_0_20170116220630282.jpg.chip.jpg,0.0,0.0,0.0
1630,50_0_0_20170111171747307.jpg.chip.jpg,0.0,0.0,0.0
1631,72_0_0_20170111221801037.jpg.chip.jpg,0.0,0.0,0.0
1632,27_0_1_20170116024214004.jpg.chip.jpg,0.0,0.0,1.0
1633,22_0_4_20161221200222680.jpg.chip.jpg,0.0,0.0,1.0
1634,32_0_0_20170117134725446.jpg.chip.jpg,0.0,0.0,0.0
1635,65_0_0_20170117162843250.jpg.chip.jpg,0.0,0.0,0.0
1636,36_0_1_20170117175543360.jpg.chip.jpg,0.0,0.0,1.0
1637,60_0_3_20170119205938048.jpg.chip.jpg,0.0,0.0,1.0
1638,29_0_2_20170116172141170.jpg.chip.jpg,0.0,0.0,1.0
1639,78_0_2_20170112205619428.jpg.chip.jpg,0.0,0.0,1.0
1640,67_0_3_20170119212020850.jpg.chip.jpg,0.0,0.0,1.0
1641,32_0_0_20170116224855059.jpg.chip.jpg,0.0,0.0,0.0
1642,33_0_0_20170105164910285.jpg.chip.jpg,0.0,0.0,0.0
1643,65_0_2_20170112205356788.jpg.chip.jpg,0.0,0.0,1.0
1644,41_0_0_20170117185808930.jpg.chip.jpg,0.0,0.0,0.0
1645,39_0_0_20170117121745777.jpg.chip.jpg,0.0,0.0,0.0
1646,12_0_0_20170110225348936.jpg.chip.jpg,0.0,0.0,0.0
1647,36_0_3_20170119183309303.jpg.chip.jpg,0.0,0.0,1.0
1648,4_0_0_20170110213526716.jpg.chip.jpg,0.0,0.0,0.0
1649,66_0_0_20170120225917395.jpg.chip.jpg,0.0,0.0,0.0
1650,55_0_3_20170119195823299.jpg.chip.jpg,0.0,0.0,1.0
1651,12_0_0_20170110225540554.jpg.chip.jpg,0.0,0.0,0.0
1652,28_0_1_20170116192119455.jpg.chip.jpg,0.0,0.0,1.0
1653,52_0_2_20170112220444687.jpg.chip.jpg,0.0,0.0,1.0
1654,24_0_2_20170116165334206.jpg.chip.jpg,0.0,0.0,1.0
1655,2_0_2_20161219221701671.jpg.chip.jpg,0.0,0.0,1.0
1656,32_0_1_20170113151013735.jpg.chip.jpg,0.0,0.0,1.0
1657,24_0_1_20170113181434238.jpg.chip.jpg,0.0,0.0,1.0
1658,26_0_3_20170119180456692.jpg.chip.jpg,0.0,0.0,1.0
1659,50_0_0_20170117091017638.jpg.chip.jpg,0.0,0.0,0.0
1660,39_0_0_20170104204804020.jpg.chip.jpg,0.0,0.0,0.0
1661,26_0_1_20170116010315712.jpg.chip.jpg,0.0,0.0,1.0
1662,55_0_3_20170119211435313.jpg.chip.jpg,0.0,0.0,1.0
1663,25_0_3_20170104220223342.jpg.chip.jpg,0.0,0.0,1.0
1664,26_0_1_20170113134808970.jpg.chip.jpg,0.0,0.0,1.0
1665,5_0_2_20161219194318083.jpg.chip.jpg,0.0,0.0,1.0
1666,7_0_1_20170110224720024.jpg.chip.jpg,0.0,0.0,1.0
1667,28_0_1_20170117022127921.jpg.chip.jpg,0.0,0.0,1.0
1668,25_0_4_20170117144100122.jpg.chip.jpg,0.0,0.0,1.0
1669,45_0_0_20170117182703981.jpg.chip.jpg,0.0,0.0,0.0
1670,7_0_0_20170110215635827.jpg.chip.jpg,0.0,0.0,0.0
1671,58_0_2_20170116193724888.jpg.chip.jpg,0.0,0.0,1.0
1672,25_0_0_20170116223809912.jpg.chip.jpg,0.0,0.0,0.0
1673,1_0_2_20161219200532811.jpg.chip.jpg,0.0,1.0,1.0
1674,19_0_0_20170103201556447.jpg.chip.jpg,0.0,0.0,0.0
1675,81_0_0_20170111222146910.jpg.chip.jpg,0.0,0.0,0.0
1676,4_0_3_20161220220742914.jpg.chip.jpg,0.0,0.0,1.0
1677,50_0_0_20170105161353395.jpg.chip.jpg,0.0,0.0,0.0
1678,45_0_1_20170116191630240.jpg.chip.jpg,0.0,0.0,1.0
1679,4_0_2_20161219162919806.jpg.chip.jpg,0.0,0.0,1.0
1680,25_0_2_20170119145148646.jpg.chip.jpg,0.0,0.0,1.0
1681,40_0_3_20170119205507599.jpg.chip.jpg,0.0,0.0,1.0
1682,24_0_2_20170116163417424.jpg.chip.jpg,0.0,0.0,1.0
1683,2_0_2_20161219161204614.jpg.chip.jpg,0.0,0.0,1.0
1684,30_0_1_20170113132711742.jpg.chip.jpg,0.0,0.0,1.0
1685,26_0_0_20170114034218562.jpg.chip.jpg,0.0,0.0,0.0
1686,50_0_2_20170104212145355.jpg.chip.jpg,0.0,0.0,1.0
1687,1_0_2_20161219203016316.jpg.chip.jpg,0.0,0.0,1.0
1688,34_0_4_20170105172324413.jpg.chip.jpg,0.0,0.0,1.0
1689,16_0_0_20170110231914222.jpg.chip.jpg,0.0,0.0,0.0
1690,30_0_1_20170113173357107.jpg.chip.jpg,0.0,0.0,1.0
1691,2_0_2_20161219151045020.jpg.chip.jpg,0.0,0.0,1.0
1692,44_0_0_20170113210319338.jpg.chip.jpg,0.0,0.0,0.0
1693,37_0_0_20170117183417406.jpg.chip.jpg,0.0,0.0,0.0
1694,40_0_4_20170117194620611.jpg.chip.jpg,0.0,0.0,1.0
1695,2_0_0_20170110212644094.jpg.chip.jpg,0.0,1.0,0.0
1696,36_0_0_20170117135445816.jpg.chip.jpg,0.0,0.0,0.0
1697,39_0_4_20170104200746817.jpg.chip.jpg,0.0,0.0,1.0
1698,45_0_0_20170117182811973.jpg.chip.jpg,0.0,0.0,0.0
1699,34_0_0_20170119180649883.jpg.chip.jpg,0.0,0.0,0.0
1700,62_0_0_20170111171747588.jpg.chip.jpg,0.0,0.0,0.0
1701,25_0_1_20170113132636784.jpg.chip.jpg,0.0,0.0,1.0
1702,40_0_2_20170116222954442.jpg.chip.jpg,0.0,0.0,1.0
1703,36_0_3_20170117183130453.jpg.chip.jpg,0.0,0.0,1.0
1704,28_0_1_20170117021201719.jpg.chip.jpg,0.0,0.0,1.0
1705,32_0_1_20170113142343044.jpg.chip.jpg,0.0,0.0,1.0
1706,22_0_1_20170117020724763.jpg.chip.jpg,0.0,0.0,1.0
1707,55_0_0_20170120222352831.jpg.chip.jpg,0.0,0.0,0.0
1708,25_0_1_20170113181540981.jpg.chip.jpg,0.0,0.0,1.0
1709,58_0_1_20170111200022771.jpg.chip.jpg,0.0,0.0,1.0
1710,73_0_1_20170117194721939.jpg.chip.jpg,0.0,0.0,1.0
1711,61_0_0_20170104210224700.jpg.chip.jpg,0.0,0.0,0.0
1712,36_0_3_20170104220702798.jpg.chip.jpg,0.0,0.0,1.0
1713,35_0_0_20170117150114482.jpg.chip.jpg,0.0,0.0,0.0
1714,4_0_2_20161219141105897.jpg.chip.jpg,0.0,1.0,1.0
1715,58_0_3_20170109142236643.jpg.chip.jpg,0.0,0.0,1.0
1716,40_0_2_20170116181243263.jpg.chip.jpg,0.0,0.0,1.0
1717,35_0_3_20170116235352900.jpg.chip.jpg,0.0,0.0,1.0
1718,23_0_2_20170116172858865.jpg.chip.jpg,0.0,0.0,1.0
1719,21_0_3_20170119154042345.jpg.chip.jpg,0.0,0.0,1.0
1720,46_0_3_20170119183229046.jpg.chip.jpg,0.0,0.0,1.0
1721,80_0_0_20170117172958840.jpg.chip.jpg,0.0,0.0,0.0
1722,32_0_1_20170113152015975.jpg.chip.jpg,0.0,0.0,1.0
1723,28_0_1_20170113180639429.jpg.chip.jpg,0.0,0.0,1.0
1724,43_0_0_20170104183504030.jpg.chip.jpg,0.0,0.0,0.0
1725,60_0_1_20170111171747543.jpg.chip.jpg,0.0,0.0,1.0
1726,35_0_0_20170117171451970.jpg.chip.jpg,0.0,0.0,0.0
1727,43_0_0_20170119152313480.jpg.chip.jpg,0.0,0.0,0.0
1728,11_0_0_20170110224606036.jpg.chip.jpg,0.0,0.0,0.0
1729,16_0_0_20170102234641453.jpg.chip.jpg,0.0,0.0,0.0
1730,54_0_1_20170117190531158.jpg.chip.jpg,0.0,0.0,1.0
1731,75_0_0_20170117173011522.jpg.chip.jpg,0.0,0.0,0.0
1732,26_0_3_20170119172209840.jpg.chip.jpg,0.0,0.0,1.0
1733,33_0_3_20170119164240414.jpg.chip.jpg,0.0,0.0,1.0
1734,76_0_0_20170111201944904.jpg.chip.jpg,0.0,0.0,0.0
1735,53_0_0_20170104184558814.jpg.chip.jpg,0.0,0.0,0.0
1736,13_0_0_20170110224337867.jpg.chip.jpg,0.0,0.0,0.0
1737,26_0_0_20170117091440776.jpg.chip.jpg,0.0,0.0,0.0
1738,55_0_0_20170120222234390.jpg.chip.jpg,0.0,0.0,0.0
1739,30_0_0_20170116221914812.jpg.chip.jpg,0.0,0.0,0.0
1740,25_0_0_20170117140947335.jpg.chip.jpg,0.0,0.0,0.0
1741,42_0_0_20170105163508427.jpg.chip.jpg,0.0,0.0,0.0
1742,32_0_0_20170117120910383.jpg.chip.jpg,0.0,0.0,0.0
1743,29_0_0_20170117202637960.jpg.chip.jpg,0.0,0.0,0.0
1744,45_0_3_20170119171417728.jpg.chip.jpg,0.0,0.0,1.0
1745,61_0_1_20170113175551340.jpg.chip.jpg,0.0,0.0,1.0
1746,43_0_3_20170119171732975.jpg.chip.jpg,0.0,0.0,1.0
1747,60_0_0_20170111171747558.jpg.chip.jpg,0.0,0.0,0.0
1748,34_0_1_20170117141457492.jpg.chip.jpg,0.0,0.0,1.0
1749,78_0_0_20170111222436497.jpg.chip.jpg,0.0,0.0,0.0
1750,32_0_0_20170117133751253.jpg.chip.jpg,0.0,0.0,0.0
1751,67_0_0_20170111193821219.jpg.chip.jpg,0.0,0.0,0.0
1752,20_0_0_20170117135525494.jpg.chip.jpg,0.0,0.0,0.0
1753,29_0_1_20170117183551382.jpg.chip.jpg,0.0,0.0,1.0
1754,35_0_1_20170113155203994.jpg.chip.jpg,0.0,0.0,1.0
1755,31_0_1_20170117162921198.jpg.chip.jpg,0.0,0.0,1.0
1756,52_0_3_20170119205713544.jpg.chip.jpg,0.0,0.0,1.0
1757,60_0_3_20170119205730463.jpg.chip.jpg,0.0,0.0,1.0
1758,42_0_3_20170117154750955.jpg.chip.jpg,0.0,0.0,1.0
1759,37_0_3_20170119202212805.jpg.chip.jpg,0.0,0.0,1.0
1760,40_0_0_20170104204559660.jpg.chip.jpg,0.0,0.0,0.0
1761,56_0_1_20170113154918011.jpg.chip.jpg,0.0,0.0,1.0
1762,32_0_0_20170117133741076.jpg.chip.jpg,0.0,0.0,0.0
1763,60_0_0_20170104184725621.jpg.chip.jpg,0.0,0.0,0.0
1764,56_0_0_20170111171747454.jpg.chip.jpg,0.0,0.0,0.0
1765,28_0_0_20170116204038276.jpg.chip.jpg,0.0,0.0,0.0
1766,2_0_2_20161219222109319.jpg.chip.jpg,0.0,0.0,1.0
1767,54_0_0_20170111222142109.jpg.chip.jpg,0.0,0.0,0.0
1768,47_0_3_20170119175043787.jpg.chip.jpg,0.0,0.0,1.0
1769,90_0_1_20170117194324750.jpg.chip.jpg,0.0,0.0,1.0
1770,26_0_1_20170113151924968.jpg.chip.jpg,0.0,0.0,1.0
1771,23_0_2_20170117144607348.jpg.chip.jpg,0.0,0.0,1.0
1772,46_0_0_20170104205733811.jpg.chip.jpg,0.0,0.0,0.0
1773,70_0_0_20170116213553686.jpg.chip.jpg,0.0,0.0,0.0
1774,24_0_2_20170116170746007.jpg.chip.jpg,0.0,1.0,1.0
1775,20_0_0_20170117151603012.jpg.chip.jpg,0.0,0.0,0.0
1776,14_0_0_20170110225116744.jpg.chip.jpg,0.0,0.0,0.0
1777,54_0_1_20170113190519393.jpg.chip.jpg,0.0,0.0,1.0
1778,41_0_0_20170117154652529.jpg.chip.jpg,0.0,0.0,0.0
1779,27_0_4_20170117120226377.jpg.chip.jpg,0.0,0.0,1.0
1780,27_0_0_20170104170103608.jpg.chip.jpg,0.0,0.0,0.0
1781,45_0_3_20170119201912421.jpg.chip.jpg,0.0,0.0,1.0
1782,26_0_3_20170119183051629.jpg.chip.jpg,0.0,0.0,1.0
1783,20_0_3_20170117140659809.jpg.chip.jpg,0.0,0.0,1.0
1784,1_0_2_20161219222602319.jpg.chip.jpg,0.0,1.0,1.0
1785,9_0_0_20170110224508007.jpg.chip.jpg,0.0,0.0,0.0
1786,42_0_0_20170117135659058.jpg.chip.jpg,0.0,0.0,0.0
1787,43_0_1_20170111194850581.jpg.chip.jpg,0.0,0.0,1.0
1788,38_0_0_20170117120851677.jpg.chip.jpg,0.0,0.0,0.0
1789,47_0_4_20170104210443652.jpg.chip.jpg,0.0,0.0,1.0
1790,15_0_1_20170113132336584.jpg.chip.jpg,0.0,0.0,1.0
1791,55_0_1_20170120134315207.jpg.chip.jpg,0.0,0.0,1.0
1792,54_0_2_20170109010628431.jpg.chip.jpg,0.0,1.0,1.0
1793,46_0_0_20170116192656401.jpg.chip.jpg,0.0,0.0,0.0
1794,63_0_2_20170112223914372.jpg.chip.jpg,0.0,0.0,1.0
1795,28_0_3_20170119194803955.jpg.chip.jpg,0.0,0.0,1.0
1796,50_0_0_20170111171747301.jpg.chip.jpg,0.0,0.0,0.0
1797,45_0_3_20170112215026424.jpg.chip.jpg,0.0,0.0,1.0
1798,26_0_2_20170116180352453.jpg.chip.jpg,0.0,0.0,1.0
1799,1_0_3_20161220145820446.jpg.chip.jpg,0.0,0.0,1.0
1800,25_0_2_20170116172425264.jpg.chip.jpg,0.0,0.0,1.0
1801,27_0_1_20170113135622875.jpg.chip.jpg,0.0,0.0,1.0
1802,26_0_0_20170117144510833.jpg.chip.jpg,0.0,0.0,0.0
1803,52_0_0_20170120222910474.jpg.chip.jpg,0.0,0.0,0.0
1804,28_0_1_20170117020126509.jpg.chip.jpg,0.0,0.0,1.0
1805,31_0_4_20170117123923204.jpg.chip.jpg,0.0,0.0,1.0
1806,61_0_3_20170117174814245.jpg.chip.jpg,0.0,0.0,1.0
1807,25_0_3_20170119144812749.jpg.chip.jpg,0.0,0.0,1.0
1808,52_0_0_20170117135533022.jpg.chip.jpg,0.0,0.0,0.0
1809,45_0_3_20170119194525986.jpg.chip.jpg,0.0,0.0,1.0
1810,29_0_3_20170119170547814.jpg.chip.jpg,0.0,0.0,1.0
1811,42_0_0_20170113185424528.jpg.chip.jpg,0.0,0.0,0.0
1812,26_0_1_20170113145620590.jpg.chip.jpg,0.0,0.0,1.0
1813,1_0_0_20170110213138878.jpg.chip.jpg,0.0,0.0,0.0
1814,39_0_0_20170105172311895.jpg.chip.jpg,0.0,0.0,0.0
1815,3_0_2_20161219221758967.jpg.chip.jpg,0.0,0.0,1.0
1816,55_0_3_20170119180718883.jpg.chip.jpg,0.0,0.0,1.0
1817,60_0_3_20170119204312254.jpg.chip.jpg,0.0,0.0,1.0
1818,1_0_2_20161219204010237.jpg.chip.jpg,0.0,0.0,1.0
1819,75_0_0_20170117163552393.jpg.chip.jpg,0.0,0.0,0.0
1820,50_0_0_20170104181517653.jpg.chip.jpg,0.0,0.0,0.0
1821,1_0_2_20161219204108580.jpg.chip.jpg,0.0,0.0,1.0
1822,50_0_0_20170111171747253.jpg.chip.jpg,0.0,0.0,0.0
1823,32_0_0_20170104202221514.jpg.chip.jpg,0.0,0.0,0.0
1824,53_0_3_20170119205832000.jpg.chip.jpg,0.0,1.0,1.0
1825,27_0_1_20170114030833116.jpg.chip.jpg,0.0,0.0,1.0
1826,67_0_0_20170111222156279.jpg.chip.jpg,0.0,0.0,0.0
1827,11_0_3_20170104230222352.jpg.chip.jpg,0.0,0.0,1.0
1828,58_0_0_20170111171747496.jpg.chip.jpg,0.0,0.0,0.0
1829,43_0_3_20170119204002380.jpg.chip.jpg,0.0,0.0,1.0
1830,32_0_0_20170116191419267.jpg.chip.jpg,0.0,0.0,0.0
1831,5_0_3_20161220220613177.jpg.chip.jpg,0.0,0.0,1.0
1832,1_0_4_20161221202132305.jpg.chip.jpg,0.0,0.0,1.0
1833,1_0_2_20161219201312292.jpg.chip.jpg,0.0,0.0,1.0
1834,50_0_0_20170120222755737.jpg.chip.jpg,0.0,0.0,0.0
1835,25_0_3_20170119212123817.jpg.chip.jpg,0.0,0.0,1.0
1836,45_0_0_20170117182725979.jpg.chip.jpg,0.0,0.0,0.0
1837,26_0_3_20170117154516750.jpg.chip.jpg,0.0,0.0,1.0
1838,26_0_1_20170117173502013.jpg.chip.jpg,0.0,0.0,1.0
1839,61_0_3_20170119211905592.jpg.chip.jpg,0.0,0.0,1.0
1840,28_0_1_20170116192346678.jpg.chip.jpg,0.0,0.0,1.0
1841,26_0_1_20170112210717501.jpg.chip.jpg,0.0,1.0,1.0
1842,26_0_1_20170116204830651.jpg.chip.jpg,0.0,0.0,1.0
1843,47_0_0_20170107213329593.jpg.chip.jpg,0.0,0.0,0.0
1844,1_0_2_20161219221919847.jpg.chip.jpg,0.0,1.0,1.0
1845,58_0_3_20170112205533156.jpg.chip.jpg,0.0,0.0,1.0
1846,26_0_0_20170117155115749.jpg.chip.jpg,0.0,0.0,0.0
1847,40_0_3_20170116030108440.jpg.chip.jpg,0.0,0.0,1.0
1848,29_0_0_20170116192401102.jpg.chip.jpg,0.0,0.0,0.0
1849,54_0_0_20170117155536389.jpg.chip.jpg,0.0,0.0,0.0
1850,36_0_0_20170117183313263.jpg.chip.jpg,0.0,0.0,0.0
1851,61_0_3_20170119211813409.jpg.chip.jpg,0.0,0.0,1.0
1852,73_0_1_20170117195325010.jpg.chip.jpg,0.0,0.0,1.0
1853,30_0_3_20170117130709884.jpg.chip.jpg,0.0,0.0,1.0
1854,21_0_1_20170114030009371.jpg.chip.jpg,0.0,0.0,1.0
1855,5_0_2_20170110215404831.jpg.chip.jpg,0.0,0.0,1.0
1856,1_0_3_20161220222945883.jpg.chip.jpg,0.0,1.0,1.0
1857,25_0_3_20170119153348729.jpg.chip.jpg,0.0,0.0,1.0
1858,56_0_0_20170111171747459.jpg.chip.jpg,0.0,0.0,0.0
1859,56_0_1_20170111202009206.jpg.chip.jpg,0.0,0.0,1.0
1860,47_0_1_20170117171504577.jpg.chip.jpg,0.0,0.0,1.0
1861,2_0_0_20170110213705227.jpg.chip.jpg,0.0,0.0,0.0
1862,26_0_1_20170113151630983.jpg.chip.jpg,0.0,0.0,1.0
1863,45_0_0_20170117130051893.jpg.chip.jpg,0.0,0.0,0.0
1864,26_0_1_20170117200036094.jpg.chip.jpg,0.0,0.0,1.0
1865,60_0_0_20170117172331922.jpg.chip.jpg,0.0,0.0,0.0
1866,39_0_0_20170117154434474.jpg.chip.jpg,0.0,0.0,0.0
1867,28_0_3_20170117121559306.jpg.chip.jpg,0.0,0.0,1.0
1868,30_0_0_20170117001126198.jpg.chip.jpg,0.0,0.0,0.0
1869,54_0_0_20170117204554999.jpg.chip.jpg,0.0,0.0,0.0
1870,65_0_0_20170111193809606.jpg.chip.jpg,0.0,0.0,0.0
1871,1_0_0_20170110212712576.jpg.chip.jpg,0.0,0.0,0.0
1872,2_0_0_20170110213507337.jpg.chip.jpg,0.0,1.0,0.0
1873,35_0_3_20170119201342436.jpg.chip.jpg,0.0,0.0,1.0
1874,28_0_1_20170117020349205.jpg.chip.jpg,0.0,0.0,1.0
1875,34_0_3_20170117141317532.jpg.chip.jpg,0.0,0.0,1.0
1876,29_0_0_20170104230319649.jpg.chip.jpg,0.0,0.0,0.0
1877,10_0_0_20170110224406532.jpg.chip.jpg,0.0,0.0,0.0
1878,49_0_0_20170119211323601.jpg.chip.jpg,0.0,0.0,0.0
1879,18_0_0_20170105183259439.jpg.chip.jpg,0.0,0.0,0.0
1880,1_0_2_20161219162626830.jpg.chip.jpg,0.0,0.0,1.0
1881,32_0_0_20170117140353209.jpg.chip.jpg,0.0,0.0,0.0
1882,54_0_1_20170117142808120.jpg.chip.jpg,0.0,0.0,1.0
1883,36_0_1_20170116200634306.jpg.chip.jpg,0.0,0.0,1.0
1884,75_0_0_20170111205133334.jpg.chip.jpg,0.0,0.0,0.0
1885,49_0_4_20170117190551451.jpg.chip.jpg,0.0,0.0,1.0
1886,26_0_2_20170116175945939.jpg.chip.jpg,0.0,0.0,1.0
1887,35_0_0_20170117171508484.jpg.chip.jpg,0.0,0.0,0.0
1888,39_0_0_20170117184953833.jpg.chip.jpg,0.0,0.0,0.0
1889,2_0_3_20161219225201960.jpg.chip.jpg,0.0,1.0,1.0
1890,26_0_1_20170116192814189.jpg.chip.jpg,0.0,0.0,1.0
1891,58_0_0_20170117190757797.jpg.chip.jpg,0.0,0.0,0.0
1892,2_0_2_20161219142522753.jpg.chip.jpg,0.0,1.0,1.0
1893,32_0_0_20170120220858579.jpg.chip.jpg,0.0,0.0,0.0
1894,60_0_2_20170112222005682.jpg.chip.jpg,0.0,0.0,1.0
1895,58_0_1_20170117193132038.jpg.chip.jpg,0.0,0.0,1.0
1896,25_0_4_20170113180523812.jpg.chip.jpg,0.0,0.0,1.0
1897,75_0_1_20170111221706652.jpg.chip.jpg,0.0,0.0,1.0
1898,27_0_3_20170104225852088.jpg.chip.jpg,0.0,0.0,1.0
1899,23_0_1_20170113133721489.jpg.chip.jpg,0.0,0.0,1.0
1900,19_0_0_20170117140608208.jpg.chip.jpg,0.0,0.0,0.0
1901,27_0_0_20170117175349504.jpg.chip.jpg,0.0,0.0,0.0
1902,78_0_0_20170111222500159.jpg.chip.jpg,0.0,0.0,0.0
1903,27_0_4_20170105163841596.jpg.chip.jpg,0.0,0.0,1.0
1904,40_0_0_20170116200949831.jpg.chip.jpg,0.0,0.0,0.0
1905,2_0_0_20170110213103595.jpg.chip.jpg,0.0,0.0,0.0
1906,26_0_3_20170119180602948.jpg.chip.jpg,0.0,0.0,1.0
1907,77_0_0_20170111211407488.jpg.chip.jpg,0.0,0.0,0.0
1908,28_0_1_20170113161434836.jpg.chip.jpg,0.0,0.0,1.0
1909,9_0_2_20161219193430531.jpg.chip.jpg,0.0,1.0,1.0
1910,37_0_0_20170117135948781.jpg.chip.jpg,0.0,0.0,0.0
1911,29_0_1_20170116194210361.jpg.chip.jpg,0.0,0.0,1.0
1912,39_0_0_20170117154216307.jpg.chip.jpg,0.0,0.0,0.0
1913,26_0_0_20170117172928270.jpg.chip.jpg,0.0,0.0,0.0
1914,46_0_0_20170104203848115.jpg.chip.jpg,0.0,0.0,0.0
1915,37_0_3_20170119202310776.jpg.chip.jpg,0.0,0.0,1.0
1916,75_0_2_20170112202930960.jpg.chip.jpg,0.0,0.0,1.0
1917,30_0_1_20170113141654362.jpg.chip.jpg,0.0,0.0,1.0
1918,36_0_3_20170119183536726.jpg.chip.jpg,0.0,0.0,1.0
1919,14_0_3_20170104013434256.jpg.chip.jpg,0.0,1.0,1.0
1920,9_0_4_20170110225238472.jpg.chip.jpg,0.0,0.0,1.0
1921,1_0_2_20161219194543059.jpg.chip.jpg,0.0,1.0,1.0
1922,50_0_0_20170117174607390.jpg.chip.jpg,0.0,0.0,0.0
1923,25_0_1_20170113145615148.jpg.chip.jpg,0.0,0.0,1.0
1924,49_0_0_20170119201555940.jpg.chip.jpg,0.0,0.0,0.0
1925,53_0_0_20170120223145428.jpg.chip.jpg,0.0,0.0,0.0
1926,15_0_0_20170116201246071.jpg.chip.jpg,0.0,1.0,0.0
1927,26_0_2_20170116182347867.jpg.chip.jpg,0.0,0.0,1.0
1928,34_0_0_20170104170059137.jpg.chip.jpg,0.0,0.0,0.0
1929,45_0_1_20170113173025009.jpg.chip.jpg,0.0,0.0,1.0
1930,35_0_2_20170116173616956.jpg.chip.jpg,0.0,0.0,1.0
1931,36_0_3_20170119175242539.jpg.chip.jpg,0.0,0.0,1.0
1932,90_0_0_20170111222149759.jpg.chip.jpg,0.0,0.0,0.0
1933,1_0_2_20161219155857576.jpg.chip.jpg,0.0,0.0,1.0
1934,40_0_0_20170117134621935.jpg.chip.jpg,0.0,0.0,0.0
1935,16_0_1_20170120134502877.jpg.chip.jpg,0.0,0.0,1.0
1936,20_0_3_20170119150802863.jpg.chip.jpg,0.0,0.0,1.0
1937,36_0_1_20170117154315346.jpg.chip.jpg,0.0,0.0,1.0
1938,57_0_0_20170117172532619.jpg.chip.jpg,0.0,0.0,0.0
1939,62_0_1_20170111203234430.jpg.chip.jpg,0.0,0.0,1.0
1940,50_0_0_20170111181750454.jpg.chip.jpg,0.0,0.0,0.0
1941,31_0_0_20170117190223831.jpg.chip.jpg,0.0,0.0,0.0
1942,56_0_0_20170117174903919.jpg.chip.jpg,0.0,0.0,0.0
1943,16_0_0_20170110232605131.jpg.chip.jpg,0.0,0.0,0.0
1944,29_0_0_20170116233154004.jpg.chip.jpg,0.0,0.0,0.0
1945,16_0_0_20170104003740977.jpg.chip.jpg,0.0,0.0,0.0
1946,45_0_3_20170117154205339.jpg.chip.jpg,0.0,0.0,1.0
1947,45_0_0_20170117135112380.jpg.chip.jpg,0.0,0.0,0.0
1948,26_0_4_20170117195722036.jpg.chip.jpg,0.0,0.0,1.0
1949,75_0_0_20170117173746334.jpg.chip.jpg,0.0,0.0,0.0
1950,92_0_3_20170105180848734.jpg.chip.jpg,0.0,0.0,1.0
1951,1_0_4_20161221192554517.jpg.chip.jpg,0.0,0.0,1.0
1952,36_0_0_20170109010229413.jpg.chip.jpg,0.0,0.0,0.0
1953,29_0_1_20170116182134769.jpg.chip.jpg,0.0,0.0,1.0
1954,3_0_2_20161219210918485.jpg.chip.jpg,0.0,1.0,1.0
1955,31_0_0_20170117175719891.jpg.chip.jpg,0.0,0.0,0.0
1956,28_0_1_20170116192206580.jpg.chip.jpg,0.0,0.0,1.0
1957,75_0_3_20170112205612628.jpg.chip.jpg,0.0,0.0,1.0
1958,28_0_2_20170116192951554.jpg.chip.jpg,0.0,0.0,1.0
1959,54_0_0_20170120223348956.jpg.chip.jpg,0.0,0.0,0.0
1960,40_0_0_20170104205037859.jpg.chip.jpg,0.0,0.0,0.0
1961,29_0_1_20170117095826375.jpg.chip.jpg,0.0,0.0,1.0
1962,50_0_1_20170111194904758.jpg.chip.jpg,0.0,0.0,1.0
1963,25_0_3_20170117134150022.jpg.chip.jpg,0.0,0.0,1.0
1964,50_0_2_20170116163531048.jpg.chip.jpg,0.0,0.0,1.0
1965,52_0_1_20170113173551387.jpg.chip.jpg,0.0,0.0,1.0
1966,44_0_1_20170113154757026.jpg.chip.jpg,0.0,1.0,1.0
1967,28_0_1_20170113174140042.jpg.chip.jpg,0.0,0.0,1.0
1968,56_0_3_20170109142154230.jpg.chip.jpg,0.0,1.0,1.0
1969,54_0_0_20170117171442259.jpg.chip.jpg,0.0,0.0,0.0
1970,2_0_0_20161219162259070.jpg.chip.jpg,0.0,0.0,0.0
1971,25_0_0_20170117191852883.jpg.chip.jpg,0.0,1.0,0.0
1972,64_0_0_20170120222811411.jpg.chip.jpg,0.0,0.0,0.0
1973,29_0_3_20170119195500659.jpg.chip.jpg,0.0,0.0,1.0
1974,26_0_2_20170116182413642.jpg.chip.jpg,0.0,0.0,1.0
1975,31_0_0_20170116182436465.jpg.chip.jpg,0.0,0.0,0.0
1976,13_0_0_20170110225438328.jpg.chip.jpg,0.0,1.0,0.0
1977,36_0_0_20170117203455375.jpg.chip.jpg,0.0,0.0,0.0
1978,26_0_4_20170117154033686.jpg.chip.jpg,0.0,0.0,1.0
1979,1_0_2_20161220145040127.jpg.chip.jpg,0.0,0.0,1.0
1980,28_0_3_20170119194455730.jpg.chip.jpg,0.0,0.0,1.0
1981,18_0_1_20170116210348146.jpg.chip.jpg,0.0,0.0,1.0
1982,61_0_1_20170113161234148.jpg.chip.jpg,0.0,0.0,1.0
1983,26_0_3_20170119175254874.jpg.chip.jpg,0.0,0.0,1.0
1984,29_0_0_20170117105025711.jpg.chip.jpg,0.0,0.0,0.0
1985,35_0_2_20170117182954110.jpg.chip.jpg,0.0,1.0,1.0
1986,7_0_0_20170110225139511.jpg.chip.jpg,0.0,0.0,0.0
1987,28_0_1_20170117183746129.jpg.chip.jpg,0.0,0.0,1.0
1988,15_0_0_20170104011743800.jpg.chip.jpg,0.0,1.0,0.0
1989,26_0_2_20170116182756349.jpg.chip.jpg,0.0,0.0,1.0
1990,20_0_0_20170104230048181.jpg.chip.jpg,0.0,0.0,0.0
1991,26_0_3_20170117154708157.jpg.chip.jpg,0.0,0.0,1.0
1992,26_0_3_20170117153347116.jpg.chip.jpg,0.0,0.0,1.0
1993,26_0_1_20170117001235514.jpg.chip.jpg,0.0,0.0,1.0
1994,58_0_2_20170112205242580.jpg.chip.jpg,0.0,0.0,1.0
1995,25_0_0_20170113210319573.jpg.chip.jpg,0.0,0.0,0.0
1996,70_0_0_20170111171747665.jpg.chip.jpg,0.0,0.0,0.0
1997,30_0_0_20170117202947322.jpg.chip.jpg,0.0,0.0,0.0
1998,30_0_0_20170117135924091.jpg.chip.jpg,0.0,0.0,0.0
1999,28_0_1_20170117015441625.jpg.chip.jpg,0.0,0.0,1.0
2000,54_0_3_20170119210110894.jpg.chip.jpg,0.0,0.0,1.0
2001,60_0_0_20170117091256462.jpg.chip.jpg,0.0,0.0,0.0
2002,12_0_0_20170104013257914.jpg.chip.jpg,0.0,0.0,0.0
2003,24_0_0_20170117150336900.jpg.chip.jpg,0.0,0.0,0.0
2004,36_0_3_20170104232859970.jpg.chip.jpg,0.0,0.0,1.0
2005,31_0_3_20170104230610969.jpg.chip.jpg,0.0,0.0,1.0
2006,58_0_1_20170117182453919.jpg.chip.jpg,0.0,0.0,1.0
2007,90_0_2_20170111210212331.jpg.chip.jpg,0.0,0.0,1.0
2008,19_0_0_20170117140550401.jpg.chip.jpg,0.0,0.0,0.0
2009,37_0_3_20170119152336983.jpg.chip.jpg,0.0,0.0,1.0
2010,43_0_4_20170104205649403.jpg.chip.jpg,0.0,0.0,1.0
2011,42_0_0_20170112220250648.jpg.chip.jpg,0.0,0.0,0.0
2012,43_0_0_20170104210217699.jpg.chip.jpg,0.0,0.0,0.0
2013,30_0_0_20170117181322508.jpg.chip.jpg,0.0,0.0,0.0
2014,61_0_0_20170117194619461.jpg.chip.jpg,0.0,0.0,0.0
2015,13_0_0_20170110224751365.jpg.chip.jpg,0.0,1.0,0.0
2016,55_0_0_20170117190004928.jpg.chip.jpg,0.0,0.0,0.0
2017,34_0_1_20170117184804228.jpg.chip.jpg,0.0,0.0,1.0
2018,26_0_1_20170116192055859.jpg.chip.jpg,0.0,0.0,1.0
2019,38_0_1_20170114033516210.jpg.chip.jpg,0.0,0.0,1.0
2020,26_0_4_20170117195846957.jpg.chip.jpg,0.0,0.0,1.0
2021,38_0_0_20170117120920017.jpg.chip.jpg,0.0,0.0,0.0
2022,45_0_0_20170117171124852.jpg.chip.jpg,0.0,0.0,0.0
2023,35_0_3_20170117182832156.jpg.chip.jpg,0.0,0.0,1.0
2024,24_0_1_20170117194341276.jpg.chip.jpg,0.0,0.0,1.0
2025,46_0_1_20170117183456244.jpg.chip.jpg,0.0,0.0,1.0
2026,45_0_0_20170117154220587.jpg.chip.jpg,0.0,0.0,0.0
2027,1_0_2_20161219153209772.jpg.chip.jpg,0.0,0.0,1.0
2028,2_0_4_20161221195159831.jpg.chip.jpg,0.0,1.0,1.0
2029,52_0_0_20170104205721803.jpg.chip.jpg,0.0,0.0,0.0
2030,56_0_1_20170113151815760.jpg.chip.jpg,0.0,0.0,1.0
2031,32_0_1_20170117020356727.jpg.chip.jpg,0.0,0.0,1.0
2032,27_0_0_20170116215525646.jpg.chip.jpg,0.0,0.0,0.0
2033,29_0_0_20170119195119659.jpg.chip.jpg,0.0,0.0,0.0
2034,54_0_1_20170117183554529.jpg.chip.jpg,0.0,0.0,1.0
2035,20_0_2_20170117193519517.jpg.chip.jpg,0.0,0.0,1.0
2036,54_0_3_20170117171017251.jpg.chip.jpg,0.0,0.0,1.0
2037,38_0_0_20170117135518125.jpg.chip.jpg,0.0,0.0,0.0
2038,62_0_0_20170111205142071.jpg.chip.jpg,0.0,0.0,0.0
2039,39_0_3_20170119183250588.jpg.chip.jpg,0.0,0.0,1.0
2040,44_0_0_20170105173313757.jpg.chip.jpg,0.0,0.0,0.0
2041,4_0_2_20170110213515094.jpg.chip.jpg,0.0,0.0,1.0
2042,49_0_0_20170104204827251.jpg.chip.jpg,0.0,0.0,0.0
2043,54_0_0_20170104184945414.jpg.chip.jpg,0.0,0.0,0.0
2044,29_0_4_20170117202712541.jpg.chip.jpg,0.0,0.0,1.0
2045,17_0_0_20170116201003399.jpg.chip.jpg,0.0,0.0,0.0
2046,54_0_3_20170119210127256.jpg.chip.jpg,0.0,0.0,1.0
2047,2_0_2_20161219222203111.jpg.chip.jpg,0.0,0.0,1.0
2048,13_0_2_20170103201417686.jpg.chip.jpg,0.0,0.0,1.0
2049,36_0_1_20170116193840027.jpg.chip.jpg,0.0,0.0,1.0
2050,82_0_0_20170111211328431.jpg.chip.jpg,0.0,0.0,0.0
2051,10_0_0_20170117175625724.jpg.chip.jpg,0.0,0.0,0.0
2052,34_0_0_20170116182356566.jpg.chip.jpg,0.0,0.0,0.0
2053,40_0_0_20170117135204149.jpg.chip.jpg,0.0,0.0,0.0
2054,78_0_0_20170111221952212.jpg.chip.jpg,0.0,0.0,0.0
2055,30_0_4_20170117202832830.jpg.chip.jpg,0.0,0.0,1.0
2056,14_0_0_20170103200611317.jpg.chip.jpg,0.0,0.0,0.0
2057,76_0_0_20170105174547781.jpg.chip.jpg,0.0,0.0,0.0
2058,50_0_1_20170113182107886.jpg.chip.jpg,0.0,0.0,1.0
2059,28_0_4_20170113150805663.jpg.chip.jpg,0.0,0.0,1.0
2060,47_0_0_20170119202349909.jpg.chip.jpg,0.0,0.0,0.0
2061,20_0_1_20170113133041441.jpg.chip.jpg,0.0,0.0,1.0
2062,47_0_3_20170119205154121.jpg.chip.jpg,0.0,0.0,1.0
2063,9_0_0_20170110225209168.jpg.chip.jpg,0.0,0.0,0.0
2064,55_0_1_20170117201404086.jpg.chip.jpg,0.0,0.0,1.0
2065,28_0_1_20170116193402600.jpg.chip.jpg,0.0,0.0,1.0
2066,50_0_0_20170120222013757.jpg.chip.jpg,0.0,0.0,0.0
2067,58_0_1_20170113185227312.jpg.chip.jpg,0.0,0.0,1.0
2068,35_0_2_20170116191758774.jpg.chip.jpg,0.0,0.0,1.0
2069,90_0_3_20170111210252274.jpg.chip.jpg,0.0,0.0,1.0
2070,30_0_0_20170117123740914.jpg.chip.jpg,0.0,0.0,0.0
2071,40_0_0_20170116233131287.jpg.chip.jpg,0.0,0.0,0.0
2072,32_0_0_20170105164554548.jpg.chip.jpg,0.0,0.0,0.0
2073,44_0_0_20170117140036990.jpg.chip.jpg,0.0,0.0,0.0
2074,1_0_0_20170110212603790.jpg.chip.jpg,0.0,0.0,0.0
2075,73_0_0_20170120230238642.jpg.chip.jpg,0.0,1.0,0.0
2076,39_0_0_20170103183230555.jpg.chip.jpg,0.0,0.0,0.0
2077,50_0_0_20170120221409269.jpg.chip.jpg,0.0,0.0,0.0
2078,50_0_0_20170120222217575.jpg.chip.jpg,0.0,0.0,0.0
2079,35_0_2_20170117191628620.jpg.chip.jpg,0.0,0.0,1.0
2080,61_0_0_20170111171747565.jpg.chip.jpg,0.0,0.0,0.0
2081,20_0_1_20170116204110339.jpg.chip.jpg,0.0,0.0,1.0
2082,1_0_2_20161219204515493.jpg.chip.jpg,0.0,0.0,1.0
2083,1_0_0_20170109194042219.jpg.chip.jpg,0.0,0.0,0.0
2084,35_0_2_20170116182340066.jpg.chip.jpg,0.0,0.0,1.0
2085,47_0_1_20170117190323954.jpg.chip.jpg,0.0,0.0,1.0
2086,50_0_0_20170104213122948.jpg.chip.jpg,0.0,0.0,0.0
2087,15_0_4_20170103201013615.jpg.chip.jpg,0.0,0.0,1.0
2088,26_0_1_20170113135514506.jpg.chip.jpg,0.0,1.0,1.0
2089,42_0_2_20170104165448593.jpg.chip.jpg,0.0,0.0,1.0
2090,40_0_0_20170104184142437.jpg.chip.jpg,0.0,0.0,0.0
2091,73_0_0_20170109151000869.jpg.chip.jpg,0.0,0.0,0.0
2092,28_0_1_20170112211810813.jpg.chip.jpg,0.0,0.0,1.0
2093,26_0_1_20170113152835192.jpg.chip.jpg,0.0,0.0,1.0
2094,26_0_3_20170119180445229.jpg.chip.jpg,0.0,0.0,1.0
2095,80_0_0_20170117175258116.jpg.chip.jpg,0.0,0.0,0.0
2096,26_0_1_20170116010816035.jpg.chip.jpg,0.0,0.0,1.0
2097,12_0_4_20170103205745050.jpg.chip.jpg,0.0,0.0,1.0
2098,1_0_4_20161221195115664.jpg.chip.jpg,0.0,0.0,1.0
2099,35_0_4_20170117172754499.jpg.chip.jpg,0.0,0.0,1.0
2100,1_0_2_20161219195334724.jpg.chip.jpg,0.0,0.0,1.0
2101,50_0_0_20170111195423102.jpg.chip.jpg,0.0,0.0,0.0
2102,70_0_0_20170117174841157.jpg.chip.jpg,0.0,0.0,0.0
2103,29_0_0_20170116221002399.jpg.chip.jpg,0.0,0.0,0.0
2104,52_0_0_20170119205653447.jpg.chip.jpg,0.0,0.0,0.0
2105,26_0_1_20170113152019432.jpg.chip.jpg,0.0,0.0,1.0
2106,40_0_1_20170113181910508.jpg.chip.jpg,0.0,0.0,1.0
2107,25_0_0_20170117192955499.jpg.chip.jpg,0.0,0.0,0.0
2108,47_0_0_20170113184617953.jpg.chip.jpg,0.0,0.0,0.0
2109,28_0_0_20170105162351171.jpg.chip.jpg,0.0,0.0,0.0
2110,1_0_3_20161219230002417.jpg.chip.jpg,0.0,0.0,1.0
2111,89_0_2_20170112220351776.jpg.chip.jpg,0.0,0.0,1.0
2112,40_0_1_20170113155337187.jpg.chip.jpg,0.0,0.0,1.0
2113,48_0_0_20170117160506440.jpg.chip.jpg,0.0,0.0,0.0
2114,25_0_3_20170119171838936.jpg.chip.jpg,0.0,0.0,1.0
2115,5_0_3_20161220223210595.jpg.chip.jpg,0.0,0.0,1.0
2116,23_0_3_20170119164313321.jpg.chip.jpg,0.0,0.0,1.0
2117,29_0_0_20170107212101093.jpg.chip.jpg,0.0,0.0,0.0
2118,50_0_0_20170104202456587.jpg.chip.jpg,0.0,0.0,0.0
2119,15_0_0_20170110232338801.jpg.chip.jpg,0.0,0.0,0.0
2120,30_0_0_20170117181207964.jpg.chip.jpg,0.0,0.0,0.0
2121,40_0_0_20170117131053164.jpg.chip.jpg,0.0,0.0,0.0
2122,41_0_0_20170117133125264.jpg.chip.jpg,0.0,0.0,0.0
2123,42_0_3_20170119204446511.jpg.chip.jpg,0.0,0.0,1.0
2124,53_0_0_20170104184614982.jpg.chip.jpg,0.0,0.0,0.0
2125,2_0_3_20161220144926901.jpg.chip.jpg,0.0,1.0,1.0
2126,32_0_0_20170104200805226.jpg.chip.jpg,0.0,0.0,0.0
2127,25_0_0_20170117135059549.jpg.chip.jpg,0.0,0.0,0.0
2128,24_0_3_20170119164654087.jpg.chip.jpg,0.0,0.0,1.0
2129,45_0_0_20170117192031378.jpg.chip.jpg,0.0,0.0,0.0
2130,58_0_0_20170113210319462.jpg.chip.jpg,0.0,0.0,0.0
2131,12_0_4_20170103200555927.jpg.chip.jpg,0.0,0.0,1.0
2132,35_0_0_20170113142125523.jpg.chip.jpg,0.0,0.0,0.0
2133,26_0_0_20170113135244994.jpg.chip.jpg,0.0,0.0,0.0
2134,2_0_2_20161219200442347.jpg.chip.jpg,0.0,0.0,1.0
2135,20_0_0_20170117140133828.jpg.chip.jpg,0.0,1.0,0.0
2136,26_0_3_20170119175440075.jpg.chip.jpg,0.0,0.0,1.0
2137,62_0_0_20170104185145582.jpg.chip.jpg,0.0,0.0,0.0
2138,65_0_0_20170111202227430.jpg.chip.jpg,0.0,0.0,0.0
2139,58_0_0_20170120224629472.jpg.chip.jpg,0.0,0.0,0.0
2140,38_0_3_20170119202715190.jpg.chip.jpg,0.0,0.0,1.0
2141,36_0_0_20170117155223901.jpg.chip.jpg,0.0,0.0,0.0
2142,45_0_1_20170113173605450.jpg.chip.jpg,0.0,0.0,1.0
2143,29_0_2_20170116161810177.jpg.chip.jpg,0.0,0.0,1.0
2144,26_0_0_20170117172810523.jpg.chip.jpg,0.0,0.0,0.0
2145,53_0_0_20170120222602009.jpg.chip.jpg,0.0,0.0,0.0
2146,31_0_0_20170117181551404.jpg.chip.jpg,0.0,0.0,0.0
2147,35_0_0_20170104210200460.jpg.chip.jpg,0.0,0.0,0.0
2148,47_0_0_20170103183528850.jpg.chip.jpg,0.0,0.0,0.0
2149,39_0_0_20170117181222276.jpg.chip.jpg,0.0,0.0,0.0
2150,40_0_2_20170116191432618.jpg.chip.jpg,0.0,0.0,1.0
2151,46_0_1_20170113142033812.jpg.chip.jpg,0.0,0.0,1.0
2152,45_0_3_20170119194520650.jpg.chip.jpg,0.0,0.0,1.0
2153,53_0_0_20170120223131515.jpg.chip.jpg,0.0,0.0,0.0
2154,72_0_2_20170112205543070.jpg.chip.jpg,0.0,0.0,1.0
2155,5_0_2_20170110215845491.jpg.chip.jpg,0.0,0.0,1.0
2156,68_0_0_20170117172618723.jpg.chip.jpg,0.0,0.0,0.0
2157,2_0_0_20170110213146269.jpg.chip.jpg,0.0,0.0,0.0
2158,24_0_0_20170116220755400.jpg.chip.jpg,0.0,0.0,0.0
2159,16_0_4_20170103233832570.jpg.chip.jpg,0.0,1.0,1.0
2160,53_0_4_20170109012743281.jpg.chip.jpg,0.0,0.0,1.0
2161,67_0_0_20170104185241950.jpg.chip.jpg,0.0,0.0,0.0
2162,46_0_1_20170116011011516.jpg.chip.jpg,0.0,0.0,1.0
2163,35_0_1_20170113142523669.jpg.chip.jpg,0.0,0.0,1.0
2164,43_0_0_20170119163815846.jpg.chip.jpg,0.0,0.0,0.0
2165,1_0_0_20161219140642920.jpg.chip.jpg,0.0,0.0,0.0
2166,55_0_3_20170117153822293.jpg.chip.jpg,0.0,0.0,1.0
2167,35_0_4_20170104011337576.jpg.chip.jpg,0.0,0.0,1.0
2168,25_0_3_20170119171120578.jpg.chip.jpg,0.0,0.0,1.0
2169,45_0_3_20170120221319813.jpg.chip.jpg,0.0,0.0,1.0
2170,67_0_0_20170109002158153.jpg.chip.jpg,0.0,0.0,0.0
2171,29_0_0_20170117180855986.jpg.chip.jpg,0.0,0.0,0.0
2172,27_0_1_20170113134047416.jpg.chip.jpg,0.0,0.0,1.0
2173,65_0_1_20170117172856561.jpg.chip.jpg,0.0,0.0,1.0
2174,26_0_3_20170119181013021.jpg.chip.jpg,0.0,0.0,1.0
2175,30_0_1_20170113133238257.jpg.chip.jpg,0.0,0.0,1.0
2176,58_0_0_20170111203101211.jpg.chip.jpg,0.0,0.0,0.0
2177,40_0_0_20170116232746033.jpg.chip.jpg,0.0,0.0,0.0
2178,25_0_0_20170117140927352.jpg.chip.jpg,0.0,0.0,0.0
2179,29_0_1_20170113134253537.jpg.chip.jpg,0.0,0.0,1.0
2180,10_0_0_20170110225502403.jpg.chip.jpg,0.0,0.0,0.0
2181,61_0_0_20170117174443309.jpg.chip.jpg,0.0,0.0,0.0
2182,34_0_3_20170119200821564.jpg.chip.jpg,0.0,0.0,1.0
2183,35_0_4_20170104181306061.jpg.chip.jpg,0.0,0.0,1.0
2184,1_0_0_20161219195753899.jpg.chip.jpg,0.0,1.0,0.0
2185,42_0_0_20170113012441401.jpg.chip.jpg,0.0,0.0,0.0
2186,26_0_1_20170113135304305.jpg.chip.jpg,0.0,0.0,1.0
2187,45_0_0_20170117155728441.jpg.chip.jpg,0.0,0.0,0.0
2188,50_0_0_20170120220738491.jpg.chip.jpg,0.0,0.0,0.0
2189,2_0_1_20170110213724790.jpg.chip.jpg,0.0,0.0,1.0
2190,45_0_3_20170117175453472.jpg.chip.jpg,0.0,0.0,1.0
2191,26_0_3_20170119180509236.jpg.chip.jpg,0.0,0.0,1.0
2192,32_0_1_20170120220852396.jpg.chip.jpg,0.0,0.0,1.0
2193,47_0_1_20170117173346286.jpg.chip.jpg,0.0,0.0,1.0
2194,60_0_3_20170104220126534.jpg.chip.jpg,0.0,0.0,1.0
2195,45_0_1_20170113154803466.jpg.chip.jpg,0.0,0.0,1.0
2196,29_0_1_20170117022120994.jpg.chip.jpg,0.0,0.0,1.0
2197,34_0_1_20170113155128778.jpg.chip.jpg,0.0,0.0,1.0
2198,2_0_4_20170103213256420.jpg.chip.jpg,0.0,1.0,1.0
2199,27_0_3_20170119211717281.jpg.chip.jpg,0.0,0.0,1.0
2200,28_0_3_20170119194942867.jpg.chip.jpg,0.0,0.0,1.0
2201,41_0_1_20170116003552644.jpg.chip.jpg,0.0,0.0,1.0
2202,34_0_3_20170119165336734.jpg.chip.jpg,0.0,0.0,1.0
2203,28_0_1_20170113133358713.jpg.chip.jpg,0.0,0.0,1.0
2204,28_0_0_20170116223051730.jpg.chip.jpg,0.0,0.0,0.0
2205,25_0_4_20170114034244572.jpg.chip.jpg,0.0,0.0,1.0
2206,56_0_0_20170116183723573.jpg.chip.jpg,0.0,0.0,0.0
2207,13_0_2_20170103201143159.jpg.chip.jpg,0.0,0.0,1.0
2208,16_0_0_20170110231533988.jpg.chip.jpg,0.0,0.0,0.0
2209,32_0_3_20170104220341542.jpg.chip.jpg,0.0,0.0,1.0
2210,40_0_4_20170104204553772.jpg.chip.jpg,0.0,0.0,1.0
2211,30_0_1_20170113133323665.jpg.chip.jpg,0.0,0.0,1.0
2212,70_0_0_20170117173832407.jpg.chip.jpg,0.0,0.0,0.0
2213,16_0_0_20170110232316211.jpg.chip.jpg,0.0,0.0,0.0
2214,44_0_3_20170119181341765.jpg.chip.jpg,0.0,0.0,1.0
2215,57_0_3_20170119181114683.jpg.chip.jpg,0.0,0.0,1.0
2216,29_0_1_20170113173051227.jpg.chip.jpg,0.0,0.0,1.0
2217,35_0_0_20170116223921881.jpg.chip.jpg,0.0,0.0,0.0
2218,40_0_0_20170117135352413.jpg.chip.jpg,0.0,0.0,0.0
2219,26_0_0_20170113210319406.jpg.chip.jpg,0.0,0.0,0.0
2220,7_0_0_20170110225109143.jpg.chip.jpg,0.0,0.0,0.0
2221,24_0_2_20170116170903688.jpg.chip.jpg,0.0,0.0,1.0
2222,1_0_1_20170110213810856.jpg.chip.jpg,0.0,1.0,1.0
2223,27_0_1_20170117010204286.jpg.chip.jpg,0.0,0.0,1.0
2224,28_0_0_20170116213506025.jpg.chip.jpg,0.0,0.0,0.0
2225,52_0_3_20170119205638160.jpg.chip.jpg,0.0,0.0,1.0
2226,26_0_3_20170119180330838.jpg.chip.jpg,0.0,0.0,1.0
2227,40_0_1_20170116204017708.jpg.chip.jpg,0.0,0.0,1.0
2228,11_0_0_20170103200824775.jpg.chip.jpg,0.0,0.0,0.0
2229,37_0_2_20170119193347850.jpg.chip.jpg,0.0,0.0,1.0
2230,36_0_1_20170113142408744.jpg.chip.jpg,0.0,0.0,1.0
2231,15_0_1_20170113154729554.jpg.chip.jpg,0.0,1.0,1.0
2232,78_0_0_20170111171747679.jpg.chip.jpg,0.0,0.0,0.0
2233,16_0_0_20170110231527285.jpg.chip.jpg,0.0,0.0,0.0
2234,50_0_1_20170120220929108.jpg.chip.jpg,0.0,0.0,1.0
2235,26_0_1_20170113133259775.jpg.chip.jpg,0.0,0.0,1.0
2236,90_0_2_20170111223901221.jpg.chip.jpg,0.0,0.0,1.0
2237,22_0_2_20170104021125111.jpg.chip.jpg,0.0,0.0,1.0
2238,3_0_2_20161219192725995.jpg.chip.jpg,0.0,0.0,1.0
2239,54_0_0_20170104212504460.jpg.chip.jpg,0.0,0.0,0.0
2240,29_0_1_20170116025852455.jpg.chip.jpg,0.0,0.0,1.0
2241,49_0_1_20170113142200613.jpg.chip.jpg,0.0,0.0,1.0
2242,4_0_3_20161220220741730.jpg.chip.jpg,0.0,0.0,1.0
2243,1_0_0_20161219204759412.jpg.chip.jpg,0.0,0.0,0.0
2244,35_0_1_20170117141840057.jpg.chip.jpg,0.0,0.0,1.0
2245,40_0_1_20170113174431769.jpg.chip.jpg,0.0,0.0,1.0
2246,72_0_0_20170111222538530.jpg.chip.jpg,0.0,0.0,0.0
2247,75_0_0_20170111204958277.jpg.chip.jpg,0.0,0.0,0.0
2248,19_0_4_20170103234723267.jpg.chip.jpg,0.0,0.0,1.0
2249,35_0_0_20170104183524965.jpg.chip.jpg,0.0,0.0,0.0
2250,28_0_1_20170113175442946.jpg.chip.jpg,0.0,0.0,1.0
2251,29_0_1_20170113173049224.jpg.chip.jpg,0.0,0.0,1.0
2252,46_0_4_20170117190308338.jpg.chip.jpg,0.0,0.0,1.0
2253,1_0_3_20161219230132696.jpg.chip.jpg,0.0,1.0,1.0
2254,25_0_0_20170117190909786.jpg.chip.jpg,0.0,0.0,0.0
2255,25_0_0_20170120134516424.jpg.chip.jpg,0.0,0.0,0.0
2256,60_0_1_20170117175043836.jpg.chip.jpg,0.0,0.0,1.0
2257,17_0_1_20170113151030175.jpg.chip.jpg,0.0,0.0,1.0
2258,1_0_2_20161219154024292.jpg.chip.jpg,0.0,0.0,1.0
2259,30_0_3_20170119195818732.jpg.chip.jpg,0.0,0.0,1.0
2260,16_0_0_20170110231647962.jpg.chip.jpg,0.0,0.0,0.0
2261,87_0_1_20170117194805270.jpg.chip.jpg,0.0,0.0,1.0
2262,47_0_0_20170120222544769.jpg.chip.jpg,0.0,0.0,0.0
2263,26_0_1_20170117195724773.jpg.chip.jpg,0.0,0.0,1.0
2264,60_0_0_20170120222420751.jpg.chip.jpg,0.0,0.0,0.0
2265,53_0_0_20170109012812390.jpg.chip.jpg,0.0,0.0,0.0
2266,63_0_3_20170105180903541.jpg.chip.jpg,0.0,1.0,1.0
2267,27_0_2_20170116172514816.jpg.chip.jpg,0.0,0.0,1.0
2268,21_0_0_20170104230057120.jpg.chip.jpg,0.0,0.0,0.0
2269,58_0_0_20170113210319275.jpg.chip.jpg,0.0,0.0,0.0
2270,2_0_0_20161219162303390.jpg.chip.jpg,0.0,0.0,0.0
2271,35_0_1_20170117172007523.jpg.chip.jpg,0.0,0.0,1.0
2272,34_0_1_20170113181625781.jpg.chip.jpg,0.0,0.0,1.0
2273,52_0_0_20170111204457405.jpg.chip.jpg,0.0,0.0,0.0
2274,60_0_3_20170119205739654.jpg.chip.jpg,0.0,0.0,1.0
2275,54_0_3_20170119211332737.jpg.chip.jpg,0.0,0.0,1.0
2276,46_0_3_20170112205640068.jpg.chip.jpg,0.0,0.0,1.0
2277,51_0_0_20170111171747345.jpg.chip.jpg,0.0,0.0,0.0
2278,36_0_0_20170117183307375.jpg.chip.jpg,0.0,0.0,0.0
2279,53_0_0_20170113184718824.jpg.chip.jpg,0.0,0.0,0.0
2280,14_0_0_20170110232651186.jpg.chip.jpg,0.0,1.0,0.0
2281,36_0_1_20170120140727849.jpg.chip.jpg,0.0,0.0,1.0
2282,51_0_0_20170111171747319.jpg.chip.jpg,0.0,0.0,0.0
2283,26_0_1_20170113174952963.jpg.chip.jpg,0.0,1.0,1.0
2284,35_0_0_20170117190418977.jpg.chip.jpg,0.0,0.0,0.0
2285,78_0_1_20170117185943219.jpg.chip.jpg,0.0,0.0,1.0
2286,46_0_0_20170104205340845.jpg.chip.jpg,0.0,0.0,0.0
2287,80_0_0_20170117175522915.jpg.chip.jpg,0.0,0.0,0.0
2288,1_0_3_20161220220154425.jpg.chip.jpg,0.0,0.0,1.0
2289,40_0_0_20170105172802421.jpg.chip.jpg,0.0,0.0,0.0
2290,24_0_2_20170103223924087.jpg.chip.jpg,0.0,0.0,1.0
2291,28_0_1_20170116143149179.jpg.chip.jpg,0.0,0.0,1.0
2292,5_0_2_20161219192232922.jpg.chip.jpg,0.0,0.0,1.0
2293,44_0_0_20170113210127508.jpg.chip.jpg,0.0,0.0,0.0
2294,68_0_1_20170111224026548.jpg.chip.jpg,0.0,0.0,1.0
2295,58_0_0_20170117193308276.jpg.chip.jpg,0.0,0.0,0.0
2296,61_0_2_20170116183826361.jpg.chip.jpg,0.0,0.0,1.0
2297,75_0_2_20170111204729431.jpg.chip.jpg,0.0,0.0,1.0
2298,41_0_0_20170117154715268.jpg.chip.jpg,0.0,0.0,0.0
2299,25_0_0_20170116200810348.jpg.chip.jpg,0.0,0.0,0.0
2300,53_0_0_20170117191002777.jpg.chip.jpg,0.0,0.0,0.0
2301,80_0_0_20170117173628559.jpg.chip.jpg,0.0,0.0,0.0
2302,55_0_0_20170117143101440.jpg.chip.jpg,0.0,0.0,0.0
2303,2_0_4_20170103210452250.jpg.chip.jpg,0.0,1.0,1.0
2304,24_0_1_20170116204940167.jpg.chip.jpg,0.0,0.0,1.0
2305,72_0_0_20170111181750515.jpg.chip.jpg,0.0,0.0,0.0
2306,15_0_0_20170110232327328.jpg.chip.jpg,0.0,0.0,0.0
2307,25_0_3_20170119171615136.jpg.chip.jpg,0.0,0.0,1.0
2308,14_0_4_20170103201105568.jpg.chip.jpg,0.0,0.0,1.0
2309,79_0_0_20170111222349717.jpg.chip.jpg,0.0,1.0,0.0
2310,46_0_2_20170116192700927.jpg.chip.jpg,0.0,0.0,1.0
2311,20_0_0_20170104230051977.jpg.chip.jpg,0.0,0.0,0.0
2312,40_0_2_20170116181234709.jpg.chip.jpg,0.0,0.0,1.0
2313,42_0_1_20170117171628313.jpg.chip.jpg,0.0,0.0,1.0
2314,2_0_0_20170109191008066.jpg.chip.jpg,0.0,0.0,0.0
2315,65_0_0_20170120224637535.jpg.chip.jpg,0.0,0.0,0.0
2316,23_0_2_20170116172840539.jpg.chip.jpg,0.0,0.0,1.0
2317,24_0_4_20170103234950908.jpg.chip.jpg,0.0,0.0,1.0
2318,78_0_0_20170111222218304.jpg.chip.jpg,0.0,0.0,0.0
2319,34_0_3_20170104220329854.jpg.chip.jpg,0.0,0.0,1.0
2320,32_0_3_20170117182326773.jpg.chip.jpg,0.0,0.0,1.0
2321,63_0_1_20170117182443400.jpg.chip.jpg,0.0,0.0,1.0
2322,36_0_3_20170119180411476.jpg.chip.jpg,0.0,0.0,1.0
2323,58_0_0_20170104213232283.jpg.chip.jpg,0.0,0.0,0.0
2324,60_0_0_20170111171747553.jpg.chip.jpg,0.0,0.0,0.0
2325,29_0_1_20170114034635292.jpg.chip.jpg,0.0,0.0,1.0
2326,25_0_0_20170117195250189.jpg.chip.jpg,0.0,0.0,0.0
2327,73_0_0_20170105173752749.jpg.chip.jpg,0.0,0.0,0.0
2328,41_0_0_20170117154713956.jpg.chip.jpg,0.0,0.0,0.0
2329,110_0_0_20170112213500903.jpg.chip.jpg,0.0,1.0,0.0
2330,4_0_2_20161219153822276.jpg.chip.jpg,0.0,1.0,1.0
2331,26_0_2_20170117172618124.jpg.chip.jpg,0.0,0.0,1.0
2332,54_0_3_20170119210220552.jpg.chip.jpg,0.0,0.0,1.0
2333,1_0_3_20161220220040611.jpg.chip.jpg,0.0,0.0,1.0
2334,45_0_0_20170117204750369.jpg.chip.jpg,0.0,0.0,0.0
2335,75_0_0_20170111210950605.jpg.chip.jpg,0.0,0.0,0.0
2336,62_0_2_20170116183749477.jpg.chip.jpg,0.0,0.0,1.0
2337,22_0_2_20170116172210197.jpg.chip.jpg,0.0,0.0,1.0
2338,38_0_2_20170116192326283.jpg.chip.jpg,0.0,0.0,1.0
2339,58_0_3_20170119211651056.jpg.chip.jpg,0.0,0.0,1.0
2340,34_0_1_20170113145505629.jpg.chip.jpg,0.0,0.0,1.0
2341,85_0_0_20170117175305485.jpg.chip.jpg,0.0,0.0,0.0
2342,26_0_1_20170116193423469.jpg.chip.jpg,0.0,0.0,1.0
2343,69_0_1_20170113184924520.jpg.chip.jpg,0.0,0.0,1.0
2344,21_0_4_20170103223143358.jpg.chip.jpg,0.0,0.0,1.0
2345,7_0_4_20170103205144794.jpg.chip.jpg,0.0,1.0,1.0
2346,75_0_0_20170117175217462.jpg.chip.jpg,0.0,0.0,0.0
2347,1_0_2_20161219193903835.jpg.chip.jpg,0.0,0.0,1.0
2348,26_0_3_20170119180442156.jpg.chip.jpg,0.0,0.0,1.0
2349,42_0_3_20170119204253127.jpg.chip.jpg,0.0,0.0,1.0
2350,2_0_4_20161221195201991.jpg.chip.jpg,0.0,1.0,1.0
2351,27_0_2_20170116161902902.jpg.chip.jpg,0.0,0.0,1.0
2352,5_0_3_20161220220614792.jpg.chip.jpg,0.0,0.0,1.0
2353,45_0_0_20170117135550944.jpg.chip.jpg,0.0,0.0,0.0
2354,24_0_4_20170117145146997.jpg.chip.jpg,0.0,1.0,1.0
2355,34_0_0_20170117134856428.jpg.chip.jpg,0.0,0.0,0.0
2356,50_0_3_20170119201854301.jpg.chip.jpg,0.0,0.0,1.0
2357,54_0_0_20170104213129446.jpg.chip.jpg,0.0,0.0,0.0
2358,45_0_3_20170119202703548.jpg.chip.jpg,0.0,0.0,1.0
2359,2_0_2_20161219205542789.jpg.chip.jpg,0.0,0.0,1.0
2360,32_0_4_20170105175534654.jpg.chip.jpg,0.0,0.0,1.0
2361,8_0_2_20170103175549207.jpg.chip.jpg,0.0,1.0,1.0
2362,65_0_3_20170120225250881.jpg.chip.jpg,0.0,0.0,1.0
2363,22_0_2_20170104022354725.jpg.chip.jpg,0.0,1.0,1.0
2364,36_0_1_20170116030116849.jpg.chip.jpg,0.0,0.0,1.0
2365,44_0_3_20170119195144674.jpg.chip.jpg,0.0,0.0,1.0
2366,51_0_0_20170117190820026.jpg.chip.jpg,0.0,0.0,0.0
2367,72_0_1_20170117165211936.jpg.chip.jpg,0.0,0.0,1.0
2368,39_0_2_20170104204400674.jpg.chip.jpg,0.0,0.0,1.0
2369,55_0_0_20170117175529999.jpg.chip.jpg,0.0,0.0,0.0
2370,26_0_3_20170117154452224.jpg.chip.jpg,0.0,0.0,1.0
